"A" "R" "N" "D" "C" "Q" "E" "G" "H" "I" "L" "K" "M" "F" "P" "S" "T" "W" "Y" "V"
"1" 0 0 0.008 0.986 0 0 0 0 0 0 0 0 0 0 0 0 0 0 0 0
"2" 0 0 0 0 1 0 0 0 0 0 0 0 0 0 0 0 0 0 0 0
"3" 0 0 0 0 0 0 0 0 0 0 0 0 0 0 0 0 1 0 0 0
"4" 0.001 0.964 0.001 0.001 0.001 0.007 0.001 0.001 0.011 0.001 0.001 0.001 0.001 0.001 0.001 0.001 0.001 0.001 0.001 0.001
"5" 0.008 0.008 0.309 0.008 0.008 0.008 0.008 0.008 0.008 0.008 0.008 0.228 0.008 0.008 0.008 0.008 0.333 0.008 0.008 0.008
"6" 0 0 0 0 1 0 0 0 0 0 0 0 0 0 0 0 0 0 0 0
"7" 0.003 0.003 0.031 0.071 0.003 0.003 0.845 0.003 0.003 0.003 0.003 0.003 0.003 0.003 0.003 0.003 0.003 0.003 0.003 0.003
"8" 0 0 0 0 0 0 0 0 0 0 0.974 0 0 0.018 0 0 0 0 0 0
"9" 0 0 0.008 0 0 0 0 0 0 0 0 0 0 0 0 0.986 0 0 0 0
"10" 0 0 0 0 0 0 0 0 0 0 1 0 0 0 0 0 0 0 0 0
"11" 0 0 0 0 0 0 0 0 0 1 0 0 0 0 0 0 0 0 0 0
"12" 0 0 0 0 0 0 0 0 0 0 0 0 0 1 0 0 0 0 0 0
"13" 0.001 0.001 0.001 0.011 0.001 0.001 0.007 0.001 0.001 0.001 0.001 0.001 0.001 0.001 0.001 0.001 0.001 0.001 0.001 0.964
"14" 0 0 0 0 0 0 0 0 0 0 0 0 0 0 0 1 0 0 0 0
"15" 0.012 0.012 0.012 0.012 0.012 0.012 0.012 0.012 0.012 0.114 0.263 0.012 0.012 0.012 0.012 0.077 0.361 0.012 0.012 0.012
"16" 0.012 0.012 0.012 0.012 0.012 0.012 0.263 0.012 0.012 0.361 0.012 0.012 0.012 0.012 0.012 0.114 0.077 0.012 0.012 0.012
"17" 0 0 0 0 0 0 0 0 0 0 0 0 0 1 0 0 0 0 0 0
"18" 0.015 0 0 0.978 0 0 0 0 0 0 0 0 0 0 0 0 0 0 0 0
"19" 0 0.978 0 0 0 0 0 0.015 0 0 0 0 0 0 0 0 0 0 0 0
"20" 0 0 0 0 0 0 0 0 0 0 0 0 0 0 0 0 0 0 0 1
"21" 0.001 0.001 0.001 0.001 0.001 0.001 0.001 0.001 0.001 0.001 0.011 0.001 0.001 0.007 0.001 0.001 0.001 0.001 0.964 0.001
"22" 0.001 0.001 0.007 0.001 0.001 0.001 0.001 0.001 0.011 0.001 0.001 0.964 0.001 0.001 0.001 0.001 0.001 0.001 0.001 0.001
"23" 0.012 0.012 0.012 0.012 0.012 0.012 0.012 0.012 0.012 0.012 0.361 0.012 0.012 0.077 0.263 0.012 0.012 0.012 0.012 0.114
"24" 0.002 0.002 0.015 0.002 0.002 0.002 0.002 0.002 0.002 0.002 0.002 0.002 0.002 0.002 0.002 0.051 0.895 0.002 0.002 0.002
"25" 0.003 0.003 0.003 0.003 0.003 0.003 0.003 0.003 0.003 0.09 0.003 0.003 0.003 0.003 0.003 0.003 0.842 0.003 0.019 0.003
"26" 0 0 0 0 0 0 0 0 0 0 0 0 0 0 0 1 0 0 0 0
"27" 0 0 0 0 0.978 0 0 0 0 0 0 0 0 0.015 0 0 0 0 0 0
"28" 0 0 0 0 0 0 0 0 0 0 0 0 0 0 0 0 0 1 0 0
"29" 0 0 0.978 0.015 0 0 0 0 0 0 0 0 0 0 0 0 0 0 0 0
"30" 0 0 0 0 0 0 0 1 0 0 0 0 0 0 0 0 0 0 0 0
"31" 0 0 0 0 0 0 0 0 0 0 0 0 0 0.998 0 0 0 0 0 0.001
"32" 0.012 0.361 0.012 0.012 0.012 0.012 0.012 0.012 0.012 0.114 0.012 0.012 0.012 0.012 0.012 0.012 0.077 0.012 0.263 0.012
"33" 0 0 0 0 0 0 0 0 0 0 0 0 0 0 0 0 0 0 1 0
"34" 0 0 0 1 0 0 0 0 0 0 0 0 0 0 0 0 0 0 0 0
"35" 0 0 0 0 0 0 0 0 0 0 0 0 0 0 0 0 0 1 0 0
"36" 0 1 0 0 0 0 0 0 0 0 0 0 0 0 0 0 0 0 0 0
"37" 0 0 0 0 0 0 0 0 0 0 0 0 0 1 0 0 0 0 0 0
"38" 0 0 0 0 0 0 0 0 0 0 1 0 0 0 0 0 0 0 0 0
"39" 0.002 0.002 0.002 0.002 0.002 0.002 0.002 0.002 0.002 0.002 0.002 0.646 0.325 0.002 0.002 0.002 0.002 0.002 0.002 0.002
"40" 0 0 0 0 0 0 0 0 0 0 0 0 0 0 0 0.999 0 0 0 0
"41" 0 0 0 0 0 0 0 0 0 0 0 0 0 0 0 0.999 0 0 0 0
"42" 0 1 0 0 0 0 0 0 0 0 0 0 0 0 0 0 0 0 0 0
"43" 0 0 0 0 0 0 0 0 0.018 0 0.974 0 0 0 0 0 0 0 0 0
"44" 0.001 0.001 0.001 0.001 0.001 0.001 0.001 0.007 0.001 0.001 0.011 0.001 0.001 0.001 0.001 0.001 0.001 0.001 0.001 0.964
"45" 0 0 0 0 0 0 0 0 0 0 0 0 0 0 0 1 0 0 0 0
"46" 0.008 0.008 0.008 0.008 0.008 0.008 0.008 0.008 0.333 0.008 0.309 0.008 0.008 0.008 0.008 0.008 0.228 0.008 0.008 0.008
"47" 0 0 0 0 0 0 0 0 0 0 0 0 0 1 0 0 0 0 0 0
"48" 0 1 0 0 0 0 0 0 0 0 0 0 0 0 0 0 0 0 0 0
"49" 0 0 0 0 0 0 0 0 0 0 0 0 0 0 0 0 0 0 1 0
"50" 0 0 0 0 0 0 0 0 0 0 1 0 0 0 0 0 0 0 0 0
"51" 0 0 0 0 0 0 0 0.986 0 0 0 0 0 0 0 0.008 0 0 0 0
"52" 0.012 0.012 0.012 0.114 0.012 0.012 0.012 0.012 0.012 0.361 0.012 0.012 0.012 0.012 0.012 0.012 0.012 0.012 0.077 0.263
"53" 0 0 0 0 0 0 0 0 0 0 0 0 0 0 0 0.001 0.998 0 0 0
"54" 0 0 0 0 0 0 0 0 0 0 0.018 0 0 0 0 0 0 0 0 0.974
"55" 0.003 0.003 0.003 0.071 0.003 0.003 0.031 0.003 0.003 0.003 0.003 0.003 0.003 0.003 0.003 0.003 0.003 0.003 0.003 0.845
"56" 0 0 0 0 0 1 0 0 0 0 0 0 0 0 0 0 0 0 0 0
"57" 0 0 0 0 0 0 0 0 0 0 1 0 0 0 0 0 0 0 0 0
"58" 0.002 0.002 0.646 0.325 0.002 0.002 0.002 0.002 0.002 0.002 0.002 0.002 0.002 0.002 0.002 0.002 0.002 0.002 0.002 0.002
"59" 0.001 0.001 0.001 0.007 0.001 0.001 0.001 0.001 0.001 0.001 0.001 0.001 0.001 0.001 0.001 0.011 0.001 0.001 0.964 0.001
"60" 0 0 0 0 0 0 0 0 0 0 0 0 0 0 0 0 0 0 1 0
"61" 0 0 0 0 0 0.999 0 0 0 0 0 0 0 0 0 0 0 0 0 0
"62" 0 0 0 0 0 0 0 0 0 0 0 0 0 0.001 0 0 0 0 0.998 0
"63" 0 0 0 0 0 0 0 0 0 0 0 0 0 0 0 1 0 0 0 0
"64" 0 0 0 0 0 0 0 0 0 0 0 0 0 0 0 1 0 0 0 0
"65" 0 0 0 0 0 0 0 0 0 0 1 0 0 0 0 0 0 0 0 0
"66" 0.001 0.011 0.001 0.001 0.001 0.007 0.964 0.001 0.001 0.001 0.001 0.001 0.001 0.001 0.001 0.001 0.001 0.001 0.001 0.001
"67" 0 0 0 0 0 0 0 0 0 0 0.008 0 0.986 0 0 0 0 0 0 0
"68" 0 0 0 0.998 0 0 0.001 0 0 0 0 0 0 0 0 0 0 0 0 0
"69" 0 0 0 0 0.001 0 0 0 0 0 0 0 0 0 0 0.998 0 0 0 0
"70" 1 0 0 0 0 0 0 0 0 0 0 0 0 0 0 0 0 0 0 0
"71" 0 0 0 0 0 0 0 0 0 0 0 0 0 0 0 0 0 0 0 1
"72" 0 0 0 0 0 0 0 0 0 0 0 0 0 0 0 0 0 0 0 1
"73" 0 0 0 0 0 0 0 0 0 0 0.001 0 0 0 0 0 0 0 0 0.998
"74" 0 0 0 0 0 0 0 1 0 0 0 0 0 0 0 0 0 0 0 0
"75" 0 0 0 0 0 0 0 0 0 0 0 0 0 0.974 0 0.018 0 0 0 0
"76" 0 0 0 0 0 1 0 0 0 0 0 0 0 0 0 0 0 0 0 0
"77" 0 0 0 0 0 0 0 0 0 0 0 0 0 0 0 0 0 0 0 1
"78" 0 1 0 0 0 0 0 0 0 0 0 0 0 0 0 0 0 0 0 0
"79" 0 0 0 0 0 1 0 0 0 0 0 0 0 0 0 0 0 0 0 0
"80" 0 0 0 0 0 0 0.001 0 0 0.998 0 0 0 0 0 0 0 0 0 0
"81" 0 0 0 0 0 0 0 1 0 0 0 0 0 0 0 0 0 0 0 0
"82" 0.003 0.003 0.09 0.003 0.003 0.003 0.003 0.842 0.003 0.003 0.003 0.003 0.003 0.003 0.003 0.003 0.019 0.003 0.003 0.003
"83" 0.001 0.001 0.001 0.001 0.001 0.001 0.001 0.964 0.001 0.001 0.011 0.001 0.001 0.007 0.001 0.001 0.001 0.001 0.001 0.001
"84" 1 0 0 0 0 0 0 0 0 0 0 0 0 0 0 0 0 0 0 0
"85" 0 0 0 0 0 0 0 0 0.978 0 0 0 0 0 0 0.015 0 0 0 0
"86" 0.003 0.003 0.003 0.003 0.003 0.003 0.003 0.003 0.003 0.003 0.071 0.003 0.003 0.845 0.003 0.003 0.003 0.003 0.031 0.003
"87" 0 0 0 0 0 0 0 0 0 0 0 1 0 0 0 0 0 0 0 0
"88" 0.012 0.012 0.263 0.012 0.012 0.012 0.077 0.012 0.012 0.012 0.012 0.012 0.012 0.012 0.012 0.114 0.361 0.012 0.012 0.012
"89" 0.008 0.008 0.008 0.008 0.008 0.008 0.008 0.008 0.008 0.228 0.008 0.008 0.008 0.008 0.008 0.333 0.309 0.008 0.008 0.008
"90" 0 0 0 0 0 0 0 1 0 0 0 0 0 0 0 0 0 0 0 0
"91" 0 0 0 0 1 0 0 0 0 0 0 0 0 0 0 0 0 0 0 0
"92" 0 0 1 0 0 0 0 0 0 0 0 0 0 0 0 0 0 0 0 0
"93" 0 0 0 0 0 0 0 0 0 0 0 0 0 0 0 0 0 0 1 0
"94" 0 0.008 0 0 0 0 0 0 0 0 0 0.986 0 0 0 0 0 0 0 0
"95" 0 0 0 0 0 0 0 0 0 0 0 0 0 0 0 0 0 0 0 1
"96" 0.008 0 0 0 0 0 0 0 0 0 0 0 0 0 0.986 0 0 0 0 0
"97" 0 0 0.999 0 0 0 0 0 0 0 0 0 0 0 0 0 0 0 0 0
"98" 0 0 1 0 0 0 0 0 0 0 0 0 0 0 0 0 0 0 0 0
"99" 0.003 0.003 0.003 0.003 0.003 0.003 0.003 0.003 0.003 0.003 0.003 0.003 0.003 0.842 0.003 0.019 0.09 0.003 0.003 0.003
"100" 0 0 0 0 0 0 0 0 0 0 1 0 0 0 0 0 0 0 0 0
"101" 0.978 0 0 0 0 0 0 0.015 0 0 0 0 0 0 0 0 0 0 0 0
"102" 0.012 0.012 0.114 0.012 0.012 0.012 0.012 0.012 0.012 0.012 0.361 0.012 0.012 0.012 0.077 0.012 0.012 0.012 0.263 0.012
"103" 0 0 0 0 0 0 0 0 0 0 0 0 0 0 0 0 0 0 0 1
"104" 0 0 0 0 0 0 0 0 0 1 0 0 0 0 0 0 0 0 0 0
"105" 1 0 0 0 0 0 0 0 0 0 0 0 0 0 0 0 0 0 0 0
"106" 0 0 0 0.974 0 0 0 0 0 0 0 0 0 0 0 0 0 0 0 0.018
"107" 0 0 1 0 0 0 0 0 0 0 0 0 0 0 0 0 0 0 0 0
"108" 0.895 0.002 0.002 0.002 0.002 0.002 0.002 0.051 0.002 0.002 0.002 0.002 0.002 0.002 0.002 0.002 0.015 0.002 0.002 0.002
"109" 0 0 0 0 0 0 0 0 0 0 0 1 0 0 0 0 0 0 0 0
"110" 0.964 0.001 0.011 0.001 0.001 0.001 0.001 0.007 0.001 0.001 0.001 0.001 0.001 0.001 0.001 0.001 0.001 0.001 0.001 0.001
"111" 0.008 0.008 0.008 0.008 0.008 0.008 0.008 0.008 0.008 0.228 0.008 0.309 0.008 0.008 0.008 0.008 0.008 0.008 0.008 0.333
"112" 0 0 0 0.986 0 0 0 0.008 0 0 0 0 0 0 0 0 0 0 0 0
"113" 0.011 0.964 0.001 0.001 0.001 0.001 0.001 0.001 0.001 0.001 0.001 0.001 0.001 0.001 0.001 0.007 0.001 0.001 0.001 0.001
"114" 0 0 0 0 0 0 1 0 0 0 0 0 0 0 0 0 0 0 0 0
"115" 0 0 0 0 0 0 0 0 0 1 0 0 0 0 0 0 0 0 0 0
"116" 0 0 0 0.018 0 0 0 0 0 0 0 0 0 0 0 0 0 0 0.974 0
"117" 0.003 0.09 0.003 0.003 0.003 0.842 0.003 0.003 0.019 0.003 0.003 0.003 0.003 0.003 0.003 0.003 0.003 0.003 0.003 0.003
"118" 0 0 0 0 0 0 0 0 0 0 0 1 0 0 0 0 0 0 0 0
"119" 0 1 0 0 0 0 0 0 0 0 0 0 0 0 0 0 0 0 0 0
"120" 0 0 0 0 0 0 0 0 0 1 0 0 0 0 0 0 0 0 0 0
"121" 0 0 0 0 0 0 0 0 0 0 0 0 0 1 0 0 0 0 0 0
"122" 0 1 0 0 0 0 0 0 0 0 0 0 0 0 0 0 0 0 0 0
"123" 0 0.999 0 0 0 0 0 0 0 0 0 0 0 0 0 0 0 0 0 0
"124" 0 0 0.015 0 0 0 0 0 0 0 0 0 0 0 0 0.978 0 0 0 0
"125" 0 0 0 0 0 0 0 0 0 0 0 1 0 0 0 0 0 0 0 0
"126" 0 0 0 0 0 0 0 0 0 0 1 0 0 0 0 0 0 0 0 0
"127" 0 0 0 0 0 0 0 0 0 0 0 0.999 0 0 0 0 0 0 0 0
"128" 0 0 0 0 0 0 0 0 0 0 0 0 0 0 1 0 0 0 0 0
"129" 0.004 0.038 0.004 0.004 0.004 0.004 0.004 0.004 0.004 0.004 0.004 0.004 0.004 0.004 0.121 0.774 0.004 0.004 0.004 0.004
"130" 0.012 0.012 0.012 0.012 0.012 0.263 0.361 0.012 0.077 0.012 0.012 0.012 0.012 0.012 0.012 0.012 0.012 0.012 0.012 0.114
"131" 0 1 0 0 0 0 0 0 0 0 0 0 0 0 0 0 0 0 0 0
"132" 0 0 0 0 0 0 0 0 0.999 0 0 0 0 0 0 0 0 0 0 0
"133" 0 0 0 0 0 0 0 0 0 1 0 0 0 0 0 0 0 0 0 0
"134" 0 0 0 0 0 0 0 0 0 0.015 0 0 0 0 0 0 0 0 0 0.978
"135" 0 1 0 0 0 0 0 0 0 0 0 0 0 0 0 0 0 0 0 0
"136" 0.002 0.002 0.002 0.002 0.002 0.002 0.002 0.002 0.002 0.002 0.002 0.895 0.002 0.002 0.002 0.015 0.051 0.002 0.002 0.002
"137" 0.012 0.263 0.114 0.012 0.012 0.012 0.012 0.361 0.012 0.012 0.012 0.077 0.012 0.012 0.012 0.012 0.012 0.012 0.012 0.012
"138" 0 0 0 0 0 0 0 0 0 0 1 0 0 0 0 0 0 0 0 0
"139" 0 0 0 0 1 0 0 0 0 0 0 0 0 0 0 0 0 0 0 0
"140" 0 0 0 0 0 0 0 0 0 0 0 0 0 0 0 0 0 0 1 0
"141" 0 0 0 0 0 0 0 0 0 0 0 0.998 0 0 0 0.001 0 0 0 0
"142" 0 0 0 0 0 0 0 0 0 0 0 0 0 0 0 1 0 0 0 0
"143" 0.003 0.003 0.003 0.003 0.003 0.842 0.003 0.003 0.003 0.09 0.019 0.003 0.003 0.003 0.003 0.003 0.003 0.003 0.003 0.003
"144" 0 0 0 0 0 0 0 0 0 0 1 0 0 0 0 0 0 0 0 0
"145" 0.466 0.002 0.002 0.002 0.002 0.002 0.002 0.002 0.002 0.002 0.002 0.002 0.002 0.002 0.002 0.002 0.503 0.002 0.002 0.002
"146" 0 0 0 0 0 0 0 0 0 0 0 0 0 0 0 0 0 0 1 0
"147" 0 0 0 0 0 0 0 1 0 0 0 0 0 0 0 0 0 0 0 0
"148" 0 0 0 0 0 0 0 0 0 0 0 0 0 1 0 0 0 0 0 0
"149" 0 0 0 0 0 1 0 0 0 0 0 0 0 0 0 0 0 0 0 0
"150" 0 0 0 0 0 0 0 0 0 0 0 0 0 0 1 0 0 0 0 0
"151" 0.051 0.002 0.002 0.002 0.002 0.002 0.002 0.002 0.002 0.015 0.002 0.002 0.002 0.002 0.002 0.002 0.895 0.002 0.002 0.002
"152" 0.001 0.001 0.001 0.001 0.001 0.007 0.001 0.001 0.964 0.011 0.001 0.001 0.001 0.001 0.001 0.001 0.001 0.001 0.001 0.001
"153" 0.012 0.263 0.012 0.012 0.012 0.012 0.012 0.012 0.012 0.361 0.012 0.077 0.012 0.012 0.012 0.012 0.114 0.012 0.012 0.012
"154" 0.012 0.077 0.012 0.012 0.012 0.114 0.012 0.012 0.012 0.012 0.012 0.012 0.012 0.012 0.361 0.263 0.012 0.012 0.012 0.012
"155" 0.012 0.012 0.012 0.361 0.012 0.012 0.012 0.012 0.012 0.114 0.012 0.012 0.012 0.012 0.263 0.077 0.012 0.012 0.012 0.012
"156" 0 0 0 0 0 0 0 0 0 0 0.974 0 0 0 0 0 0 0 0.018 0
"157" 0 0 0 0 0 0 0 0 1 0 0 0 0 0 0 0 0 0 0 0
"158" 0 0 0 0 0 0 0 0 0 0 0 0 0 1 0 0 0 0 0 0
"159" 0 0 0 0 0 0 0 0 1 0 0 0 0 0 0 0 0 0 0 0
"160" 0 1 0 0 0 0 0 0 0 0 0 0 0 0 0 0 0 0 0 0
"161" 0 0 0 0 0 0 0 0 0 0 0 0 0 0 0 0 0 0 0 1
"162" 0 0 0 0 0 0 0 0 0 0 0 0 0 0 0 0 0 0 0 1
"163" 0 0 0 0 0 0 0 0 0 0 0 0 0 0 0 0 0 0 0 1
"164" 0 0 0 0 0 0 0 0 0 0 1 0 0 0 0 0 0 0 0 0
"165" 0 0 0 0 0 0 0 0 0 0 0 0 0 0 0 1 0 0 0 0
"166" 0 0 0 0 0 0 0 0 0 0 0 0 0 1 0 0 0 0 0 0
"167" 0 0 0 0 0 0 1 0 0 0 0 0 0 0 0 0 0 0 0 0
"168" 0 0 0 0 0 0 0 0 0 0 0 0.999 0 0 0 0 0 0 0 0
"169" 0 0 0 0 0 0 0 0 0 0 0 1 0 0 0 0 0 0 0 0
"170" 0 0 0 0 0 0 0 0 0 0 1 0 0 0 0 0 0 0 0 0
"171" 0.012 0.114 0.012 0.012 0.077 0.361 0.012 0.263 0.012 0.012 0.012 0.012 0.012 0.012 0.012 0.012 0.012 0.012 0.012 0.012
"172" 0 0 0 0 0 0 1 0 0 0 0 0 0 0 0 0 0 0 0 0
"173" 0 0 0 0 0 0 0 0 0 0 0 0 0 1 0 0 0 0 0 0
"174" 0.002 0.051 0.002 0.002 0.002 0.002 0.002 0.002 0.895 0.002 0.002 0.002 0.002 0.002 0.002 0.002 0.002 0.002 0.015 0.002
"175" 0.012 0.012 0.263 0.012 0.012 0.012 0.012 0.012 0.012 0.012 0.114 0.012 0.012 0.077 0.012 0.361 0.012 0.012 0.012 0.012
"176" 0 0 1 0 0 0 0 0 0 0 0 0 0 0 0 0 0 0 0 0
"177" 0 0 0 0 0 0 0 0 0 0 0 0 0 0 0 0.001 0.998 0 0 0
"178" 0.003 0.031 0.003 0.003 0.003 0.003 0.003 0.003 0.003 0.071 0.003 0.003 0.003 0.003 0.003 0.845 0.003 0.003 0.003 0.003
"179" 0.333 0.008 0.008 0.008 0.008 0.008 0.309 0.228 0.008 0.008 0.008 0.008 0.008 0.008 0.008 0.008 0.008 0.008 0.008 0.008
"180" 0 0 0 0 0 0.986 0 0 0 0 0.008 0 0 0 0 0 0 0 0 0
"181" 0.002 0.002 0.002 0.002 0.002 0.002 0.002 0.002 0.002 0.002 0.051 0.002 0.002 0.002 0.895 0.002 0.002 0.002 0.002 0.015
"182" 0 0 0 0 0 0 0 0 0 0 0 0 0 0 0 0 0 0 0 0.999
