-103.4739
-107.6612
-73.6230
-113.5890
-114.8615
-99.0865
-86.0112
-121.4852
-96.9143
-135.1669
-146.0035
-84.3397
-153.8670
-48.7798
-17.1176
-61.1166
-25.6256
-5.1666
-26.6945
-5.1666
-11.1099
-18.6880
-31.3478
-24.1226
-54.7747
-11.1099
-31.0842
-53.8576
-97.4762
-13.5882
-23.1595
-5.1666
-35.7305
-46.2039
-24.8988
-67.0162
-65.9875
-41.0121
-28.8314
-5.1666
-27.8551
-42.2637
-41.6623
-63.9249
-31.0056
-18.5203
-31.7386
-22.7132
-76.4033
-107.1552
-68.2832
-84.1752
-72.8165
-76.5823
-36.9334
-5.1666
-96.6675
-81.1587
-34.0985
-57.6349
-68.9892
-32.7882
-97.5908
-68.4646
-5.1666
-57.2889
-58.7754
-63.2779
-22.4595
-34.6896
-61.6582
-42.0127
-5.1666
-25.3563
-5.1666
-70.2741
-14.1250
-45.0629
-113.6160
-70.9126
-105.2452
-77.7676
-76.8930
-78.1009
-21.2866
-11.1099
-31.2697
-31.2476
-50.5101
-5.1666
-40.4333
-86.3929
-93.8622
-48.2252
-146.1799
-58.7410
-65.2607
-5.1666
-14.1344
-5.1666
-17.1176
-87.1252
-60.1068
-73.1357
-54.4136
-48.5503
-38.4626
-22.8002
-5.1666
-24.2312
-39.9785
-65.0355
-51.7485
-30.1810
-69.1452
-60.9531
-79.1993
-47.3117
-50.6797
-28.1370
-43.6370
-60.6528
-77.4915
-56.1867
-71.8015
-82.3696
-16.9119
-70.4128
-65.1187
-49.9848
-85.2451
-101.8997
-106.5843
-5.1666
-88.6095
-49.2349
-108.2454
-47.4462
-5.1666
-98.7673
-91.1954
-109.9821
-55.7367
-149.2062
-133.4408
-35.1725
-5.1666
-24.1339
-45.4329
-36.4569
-38.0898
-78.5158
-5.1666
-19.0443
-81.0533
-112.2455
-85.7479
-132.9466
-153.1296
-127.0787
-23.7239
-24.2975
-92.9633
-65.9894
-78.2247
-86.8423
-60.5847
-33.6357
-83.8722
-21.0010
-53.8725
-97.7955
-133.9123
-77.4256
-67.5362
-64.3728
-16.9542
-51.6887
-92.4627
-5.1666
-11.7968
-84.2508
-30.1184
-5.1666
-18.8929
-97.9804
-91.6930
-140.1653
-190.7483
-67.5004
-32.5730
-89.4411
-172.5379
-24.1221
-5.1666
-73.4822
-93.4492
-113.8497
-86.5052
-46.5100
-30.0177
-52.9475
-37.4358
-36.2595
-87.8866
-30.9502
-75.2386
-86.0508
-47.4264
-43.9066
-71.9559
-82.4877
-58.9626
-103.7809
-11.3152
-56.8242
-32.0768
-18.3060
-80.6268
-14.1707
-21.1235
-78.0258
-32.7535
-37.5090
-64.5754
-51.2696
-90.5007
-27.8999
-11.3152
-58.2270
-38.6051
-42.1350
-29.9611
-5.1666
-59.2431
-74.3772
-44.0758
-81.3168
-39.7255
-23.4746
-27.8936
-89.3780
-33.4108
-78.5597
-34.8271
-47.3321
-40.1083
-63.7106
-5.1666
-26.4197
-30.2895
-53.5489
-12.9605
-5.1666
-62.5889
-29.1587
-37.6663
-40.8935
-55.3444
-66.3955
-118.0808
-76.1412
-55.3635
-86.4831
-37.8650
-57.4536
-42.1652
-59.7927
-70.9960
-49.5577
-96.2747
-100.5562
-99.6677
-96.5917
-83.2925
-105.5406
-5.1666
-131.9243
-33.8110
-62.2700
-5.1666
-39.8464
-29.2151
-74.4179
-98.5556
-5.1666
-44.8013
-54.8896
-52.2994
-42.2463
-81.3596
-49.3070
-22.4875
-5.1666
-31.4661
-14.0130
-68.6373
-46.2141
-73.5561
-59.1576
-46.0820
-39.5298
-5.1666
-84.3444
-5.1666
-13.6912
-19.7600
-5.1666
-33.1410
-63.2377
-52.1810
-127.5141
-51.9126
-5.1666
-53.4099
-19.5811
-21.2028
-17.9131
-5.1666
-25.0688
-12.6828
-5.1666
-60.3746
-5.1666
-54.8826
-83.1825
-64.4669
-105.1062
-26.9284
-5.1666
-20.8738
-5.1666
-5.1666
-5.1666
-5.1666
-5.1666
-5.1666
-5.1666
-5.1666
-5.1666
-11.1099
-5.1666
-5.1666
-40.7684
-5.1666
-42.0964
-72.8601
-23.5299
-5.1666
-5.1666
-5.1666
-5.1666
-12.1101
-22.9859
-13.1734
-40.9916
-5.1666
-72.4442
-23.9013
-5.1666
-51.6092
-5.1666
-50.1135
-5.1666
-5.1666
-5.1666
-69.8005
-44.2338
-15.8219
-5.1666
-13.6234
-74.0473
-5.1666
-44.0005
-61.7010
-48.8220
-27.6491
-17.8220
-26.8386
-12.5665
-30.4312
-5.1666
-17.6503
-45.8051
-38.2340
-58.7683
-33.0423
-11.1099
-21.7969
-38.8303
-29.1342
-23.8463
-46.0921
-39.5004
-22.3174
-46.5661
-44.9917
-5.1666
-13.7123
-63.4978
-55.4712
-44.2594
-5.1666
-90.4844
-11.6164
-33.3881
-33.7239
-48.5763
-24.5327
-25.8964
-59.0716
-30.6554
-34.4965
-36.2627
-14.6660
-35.3275
-29.2393
-40.0016
-36.0830
-57.6544
-5.1666
-23.7076
-5.1666
-19.4927
-5.1666
-26.0200
-5.1666
-5.1666
-5.1666
-11.1099
-32.7554
-5.1666
-5.1666
-29.4864
-24.0677
-13.8440
-11.1099
-5.1666
-65.7647
-23.7969
-13.4763
-39.9865
-11.1099
-11.1099
-54.1134
-16.7254
-5.1666
-40.0737
-37.8362
-57.2606
-33.3777
-52.5054
-67.7566
-79.8971
-5.1666
-61.0377
-59.6279
-5.1666
-14.2003
-58.5688
-33.1941
-55.9892
-5.1666
-55.2284
-5.1666
-5.1666
-5.1666
-35.0829
-26.5330
-34.2213
-5.1666
-34.9515
-5.1666
-33.5259
-75.8498
-87.0360
-5.1666
-35.8346
-66.4677
-35.2377
-25.7010
-57.7090
-5.1666
-11.6164
-5.1666
-5.1666
-50.6617
-18.3044
-90.4292
-77.1327
-11.7511
-52.0365
-58.1072
-5.1666
-39.3213
-61.0387
-32.9757
-45.9236
-5.1666
-52.6022
-73.8670
-5.1666
-79.6087
-31.6796
-11.3152
-67.8703
-5.1666
-35.4503
-54.1852
-73.5453
-46.4182
-51.5375
-11.1099
-36.2490
-12.9419
-5.1666
-29.1429
-11.6164
-12.2582
-23.5735
-27.0606
-30.4048
-18.1675
-11.1099
-38.4478
-58.8473
-41.4040
-46.3189
-56.9529
-59.3341
-85.3048
-49.6797
-39.4030
-41.4474
-45.1009
-62.3166
-26.4490
-31.4463
-31.9901
-44.7071
-30.8759
-5.1666
-29.6075
-39.2690
-20.1768
-11.3152
-58.2822
-44.1925
-13.2570
-5.1666
