"A" "R" "N" "D" "C" "Q" "E" "G" "H" "I" "L" "K" "M" "F" "P" "S" "T" "W" "Y" "V"
"1" 0.003 0 0.001 0 0 0.001 0 0 0 0 0 0.001 0 0 0.017 0.014 0.961 0 0 0
"2" 0 0 0 0 0 0 0 0 0 0.999 0 0 0 0 0 0 0 0 0 0
"3" 0 0 0 0 0 0 0 0 0 0.003 0.977 0 0.018 0.001 0 0 0 0 0 0.001
"4" 0 0 0 0 0 0 1 0 0 0 0 0 0 0 0 0 0 0 0 0
"5" 0 0 0 0 0 0 0 0 0 0.003 0.977 0 0.018 0.001 0 0 0 0 0 0.001
"6" 0 0 0 0 0.999 0 0 0 0 0 0 0 0 0 0 0 0 0 0 0
"7" 0 0 0 0 0 0 0 0 0 0 0 0 0 0 1 0 0 0 0 0
"8" 0 0 0 0 0 0 0 0 0 0 0 0 0 0.999 0 0 0 0 0 0
"9" 0.996 0 0 0 0 0 0 0 0 0 0 0 0 0 0 0.001 0.001 0 0 0
"10" 0.161 0.012 0.072 0.154 0.001 0.02 0.02 0.006 0.006 0.001 0.001 0.07 0.002 0 0.007 0.115 0.344 0 0.001 0.005
"11" 0 0 0 0 0.001 0 0 0 0 0.384 0.396 0 0.013 0.166 0 0 0.001 0 0.006 0.031
"12" 0 0 0 0 0 0 0 0 0 0 0 0 0 0.999 0 0 0 0 0 0
"13" 0.003 0.017 0.004 0 0.001 0.002 0 0.001 0.001 0 0 0.003 0 0 0.001 0.957 0.008 0 0 0
"14" 0 0 0 0 0 0 0 0 0 0 0 1 0 0 0 0 0 0 0 0
"15" 0.016 0.002 0.012 0.001 0.005 0.003 0 0.001 0.004 0.005 0.007 0.003 0.003 0.038 0.003 0.4 0.482 0 0.009 0.006
"16" 0.004 0.651 0.109 0.003 0.001 0.027 0.002 0.002 0.019 0 0.001 0.092 0.001 0 0.002 0.034 0.05 0 0.001 0.001
"17" 0 0 0 0 0 0 0 0 0 0.999 0 0 0 0 0 0 0 0 0 0
"18" 1 0 0 0 0 0 0 0 0 0 0 0 0 0 0 0 0 0 0 0
"19" 0 0 0 0 0 0 0 0 0 0 0 0 0 0 0 1 0 0 0 0
"20" 0 0 0 0 0 0 0 0 0 0 0 0 0 0 0 0 0 0 0 1
"21" 0 0 0 0 0 0 0 0 0 0 0 0 0 0 0 0 0 0 0.999 0
"22" 0 0 0 0 0 0 0 0 0 0 0 0 1 0 0 0 0 0 0 0
"23" 0 0 0 0 0 0 0 0 0 0 0 0 0 0 0 0 0 1 0 0
"24" 0 0 0.002 0.006 0 0 0 0 0.01 0 0 0 0 0.008 0 0.001 0 0 0.971 0
"25" 0 1 0 0 0 0 0 0 0 0 0 0 0 0 0 0 0 0 0 0
"26" 0.002 0.001 0 0 0 0 0 0 0 0.014 0.002 0.003 0.001 0 0 0 0.003 0 0 0.972
"27" 0 1 0 0 0 0 0 0 0 0 0 0 0 0 0 0 0 0 0 0
"28" 0 0 0 0 0 0 0 0 0 0 1 0 0 0 0 0 0 0 0 0
"29" 0 0 1 0 0 0 0 0 0 0 0 0 0 0 0 0 0 0 0 0
"30" 0.001 0 0.004 0.001 0 0.001 0 0 0.001 0 0 0.001 0 0 0.982 0.007 0.002 0 0 0
"31" 0.006 0.004 0.775 0.008 0.049 0.003 0.001 0.056 0.009 0.001 0.001 0.004 0 0.001 0.001 0.067 0.013 0 0.002 0.001
"32" 0.002 0.003 0.001 0 0.001 0.001 0 0 0.001 0.843 0.018 0.002 0.01 0.002 0 0.003 0.042 0 0.001 0.07
"33" 1 0 0 0 0 0 0 0 0 0 0 0 0 0 0 0 0 0 0 0
"34" 0 0 0 1 0 0 0 0 0 0 0 0 0 0 0 0 0 0 0 0
"35" 0 0 0 0 0 0 0 0 0 0 0 0 1 0 0 0 0 0 0 0
"36" 0.017 0.003 0.103 0.005 0.001 0.006 0.001 0.002 0.004 0.001 0.001 0.007 0.001 0 0.042 0.476 0.328 0 0.001 0.001
"37" 0.015 0.003 0.002 0.002 0.002 0.009 0.056 0.001 0.002 0.083 0.227 0.004 0.017 0.007 0.002 0.006 0.014 0 0.003 0.546
"38" 0 0 0 0 0 0 0 0 0 0 1 0 0 0 0 0 0 0 0 0
"39" 0.001 0 0 0 0.001 0.001 0 0 0 0.006 0.964 0 0.005 0.005 0.001 0.009 0.002 0 0.001 0.003
"40" 0.018 0.048 0.113 0.009 0.008 0.191 0.007 0.013 0.038 0.002 0.009 0.035 0.004 0.01 0.009 0.325 0.047 0.087 0.025 0.003
"41" 0 0 0 0 0 0 0 0 0 0 0 0 0 0 0 1 0 0 0 0
"42" 0 1 0 0 0 0 0 0 0 0 0 0 0 0 0 0 0 0 0 0
"43" 0.01 0.002 0.02 0.001 0.002 0.004 0 0.001 0.008 0 0 0.003 0 0 0.003 0.738 0.204 0 0.001 0.001
"44" 0 0 0 0 0 0 0 0 0.001 0 0 0 0 0.15 0 0 0 0 0.849 0
"45" 0.002 0.001 0.001 0 0.001 0.002 0 0 0.007 0.066 0.748 0.001 0.018 0.017 0.001 0.002 0.003 0 0.006 0.123
"46" 0 0.072 0.003 0 0 0.788 0.001 0 0.118 0 0 0.012 0 0 0.001 0.002 0.001 0 0.001 0
"47" 0.119 0.004 0.007 0.001 0.001 0.005 0.001 0.001 0.001 0.001 0.001 0.027 0.001 0 0.002 0.052 0.771 0 0 0.004
"48" 0.007 0.017 0.417 0.101 0.001 0.019 0.01 0.005 0.009 0 0.001 0.15 0 0 0.003 0.224 0.034 0 0.001 0.001
"49" 0.007 0.051 0.152 0.225 0.001 0.066 0.028 0.004 0.147 0.009 0.006 0.217 0.004 0.002 0.005 0.029 0.028 0 0.011 0.006
"50" 0 0 0 0 0 0 0 0 0 0 0 0 0 0 0 0 0 0 0.999 0
"51" 0.013 0.002 0.011 0.002 0.002 0.002 0.001 0.891 0.003 0.001 0.001 0.002 0 0.001 0.001 0.036 0.026 0 0.003 0.001
"52" 0 0 0 0 0 0 0 0 0 0.999 0 0 0 0 0 0 0 0 0 0
"53" 0.063 0.001 0.005 0 0.001 0.001 0 0.001 0 0 0 0.001 0 0 0.002 0.852 0.071 0 0 0.001
"54" 0 0 0 0 0 0 0 0 0 0 0 0 0 0.999 0 0 0 0 0 0
"55" 0.01 0.002 0.013 0.001 0.007 0.003 0 0.002 0.008 0.001 0.005 0.002 0.001 0.048 0.003 0.826 0.027 0 0.037 0.002
"56" 0.003 0 0.003 0 0 0 0 0 0 0 0 0 0 0 0.001 0.855 0.136 0 0 0
"57" 0 0 0 0 0 0 0 0 0 0 1 0 0 0 0 0 0 0 0 0
"58" 0 0 0.054 0.944 0 0 0.001 0 0 0 0 0 0 0 0 0.001 0 0 0 0
"59" 0 0.001 0 0 0 0.99 0.007 0 0.001 0 0 0.001 0 0 0 0 0 0 0 0
"60" 0 0 0 0 0 0 0 0 0 0.003 0.987 0 0.002 0.006 0 0 0 0 0.001 0.001
"61" 0 0 0 0 0 1 0 0 0 0 0 0 0 0 0 0 0 0 0 0
"62" 0 0 0 0 0.001 0 0 0 0.001 0.011 0.017 0 0.002 0.808 0 0.001 0.001 0 0.132 0.024
"63" 0 0 0 0 0 0 0 0 0 0 0 0 0 0 0 0 1 0 0 0
"64" 0.002 0 0.001 0 0 0 0 0 0 0 0 0 0 0 0.005 0.987 0.004 0 0 0
"65" 0 0 0 0 0 0 0 0 0 0 0 0 0 0 0 0 0 0 0 1
"66" 0 0 0 0 0 0 0 0 0 0 0 0 0 0 0 0 0 0 0.999 0
"67" 0 0 0 0 0 0 0 0 0 0 0 1 0 0 0 0 0 0 0 0
"68" 0 0 0 1 0 0 0 0 0 0 0 0 0 0 0 0 0 0 0 0
"69" 0 0 0 0 0 0 0 0 0 0 0 0 0 0 0 1 0 0 0 0
"70" 0.981 0 0 0 0 0 0 0 0 0 0 0 0 0 0 0.004 0.014 0 0 0.001
"71" 0 0 0 0 0 0 0 0 0 0 0 0 0 0 0 0 0 0 0 1
"72" 0 0 0 0 0 0 0 0 0 0.063 0.001 0 0 0 0 0 0 0 0 0.935
"73" 0 0.989 0 0 0 0.001 0 0 0 0 0 0.01 0 0 0 0 0 0 0 0
"74" 0 0 0 0 0 0 0 1 0 0 0 0 0 0 0 0 0 0 0 0
"75" 0 0 0 0 0 0 0 0 0 0 0 0 0 0 0 1 0 0 0 0
"76" 0 0 0 0 0 1 0 0 0 0 0 0 0 0 0 0 0 0 0 0
"77" 0.001 0 0 0 0 0 0 0 0 0.087 0.362 0 0.008 0.004 0 0 0.001 0 0 0.536
"78" 0 1 0 0 0 0 0 0 0 0 0 0 0 0 0 0 0 0 0 0
"79" 0 0.994 0 0 0.001 0.001 0 0 0 0 0 0.003 0 0 0 0 0 0 0 0
"80" 0 0 0 0 0 0 0 0 0 0.999 0 0 0 0 0 0 0 0 0 0
"81" 0 0 0 0 0 0 0 0 0 0 0 0 0 0 0 0 1 0 0 0
"82" 0.001 0.001 0.965 0.004 0 0.002 0 0.001 0.003 0 0 0.002 0 0 0.006 0.012 0.003 0 0 0
"83" 0 0 0 0 0 0 0 1 0 0 0 0 0 0 0 0 0 0 0 0
"84" 0.001 0 0.073 0.001 0 0.001 0 0 0.001 0 0 0.001 0 0 0 0.019 0.9 0 0 0
"85" 0 0 0 0 0 0 0 0 0 0 0 0 0 0 0 0 1 0 0 0
"86" 0 0 0 0 0 0 0 1 0 0 0 0 0 0 0 0 0 0 0 0
"87" 0 0.004 0 0 0 0.001 0 0 0 0 0 0.994 0 0 0 0 0 0 0 0
"88" 0 0 0 0 0 0 0 1 0 0 0 0 0 0 0 0 0 0 0 0
"89" 1 0 0 0 0 0 0 0 0 0 0 0 0 0 0 0 0 0 0 0
"90" 0.002 0.006 0.035 0.886 0 0.005 0.01 0.001 0.003 0 0 0.007 0 0 0.001 0.015 0.029 0 0 0
"91" 0 0 0 0 0 0 0 0 0 0 0 0 0 0.999 0 0 0 0 0 0
"92" 0 0.001 0 0 0 0.992 0 0 0.006 0 0 0.001 0 0 0 0 0 0 0 0
"93" 0 0 0 0 0 0 0 0 0 0 0 0 0 0 0 0 0 0 0.999 0
"94" 0 0 0 0 0 0 0 0 0 0 0 1 0 0 0 0 0 0 0 0
"95" 0 0 0 0 0 0 0 0 0 0 1 0 0 0 0 0 0 0 0 0
"96" 0 0.001 0.001 0 0 0.017 0 0 0.98 0 0 0 0 0 0 0 0 0 0 0
"97" 0 0 1 0 0 0 0 0 0 0 0 0 0 0 0 0 0 0 0 0
"98" 0.001 0 0.855 0.114 0 0.001 0.001 0.001 0.002 0 0 0.002 0 0 0 0.019 0.003 0 0 0
"99" 0 0 0 0 0 0 0 0 0 0 0 0 0 0.999 0 0 0 0 0 0
"100" 0 0 0 0 0 0 0 0 0 0 0 1 0 0 0 0 0 0 0 0
"101" 0 0 0 0 0 0 0 1 0 0 0 0 0 0 0 0 0 0 0 0
"102" 0 0 0 0 0 0 0 0 1 0 0 0 0 0 0 0 0 0 0 0
"103" 0 0 0 0 0 0 0 0 0 0 0 0 0 0 0 0 0 0 0 1
"104" 0 0 0 0 0 0 0 0 0 0.999 0 0 0 0 0 0 0 0 0 0
"105" 1 0 0 0 0 0 0 0 0 0 0 0 0 0 0 0 0 0 0 0
"106" 0 0 0 0 0 0 0 0 0.975 0 0 0 0 0 0 0 0 0 0.024 0
"107" 0 0 0 0 1 0 0 0 0 0 0 0 0 0 0 0 0 0 0 0
"108" 0 0 0 0 0 0 0 0 0 0 0 0 0 0 0 1 0 0 0 0
"109" 0 0.139 0.019 0.001 0 0.01 0.001 0 0.002 0 0 0.824 0 0 0 0.002 0.001 0 0 0
"110" 0.29 0.01 0.017 0.002 0.002 0.011 0.003 0.003 0.002 0.001 0.001 0.048 0.002 0 0.006 0.228 0.368 0 0.001 0.005
"111" 0.004 0.011 0.007 0.003 0 0.79 0.106 0.001 0.011 0.011 0.008 0.02 0.004 0.001 0.002 0.006 0.009 0 0.001 0.006
"112" 0.001 0 0 0 0 0.001 0.001 0 0 0.167 0.775 0 0.016 0.007 0 0.001 0.002 0 0.001 0.026
"113" 0.001 0 0 0 0.001 0 0 0 0 0.081 0.492 0 0.26 0.006 0 0.001 0.002 0 0.001 0.153
"114" 0.997 0 0 0 0 0 0 0 0 0 0 0 0 0 0 0.001 0.001 0 0 0
"115" 0.003 0.062 0.016 0.002 0.001 0.544 0.005 0.001 0.231 0.002 0.023 0.077 0.004 0.003 0.004 0.008 0.007 0 0.008 0.001
"116" 0 0 0 0 0 0 0 0 0 0 1 0 0 0 0 0 0 0 0 0
"117" 0.015 0.002 0.009 0.001 0.008 0.003 0 0.001 0.005 0.31 0.078 0.003 0.022 0.193 0.003 0.092 0.145 0.001 0.026 0.083
"118" 0 0 0 0 0 0 0 0 0 0 0.003 0 0 0.977 0 0 0 0 0.017 0
"119" 0 0 0 0 0 0 0 0 0 0.412 0.048 0 0.005 0.492 0 0 0.001 0 0.013 0.027
"120" 0 0 0 0 0 0 0 0 0 0.999 0 0 0 0 0 0 0 0 0 0
"121" 0 0 0 0 0 0 0 0 0 0 0 0 0 0.999 0 0 0 0 0 0
"122" 0 0.967 0.001 0 0 0.004 0 0 0.009 0 0 0.009 0 0.001 0 0.001 0 0 0.007 0
"123" 0 1 0 0 0 0 0 0 0 0 0 0 0 0 0 0 0 0 0 0
"124" 0.001 0 0.001 0 0 0 0 0 0 0 0 0 0 0 0 0.986 0.011 0 0 0
"125" 0 0.989 0.001 0 0 0.001 0 0 0.001 0 0 0.007 0 0 0 0 0 0 0 0
"126" 0 0 0 0 0 0 0 0 0 0 1 0 0 0 0 0 0 0 0 0
"127" 0.001 0.029 0.005 0.001 0 0.816 0.004 0 0.014 0 0.002 0.115 0.001 0.001 0.001 0.004 0.003 0 0.002 0
"128" 0 0 0 0 0 0 0 0 0 0 0 0 0 0 1 0 0 0 0 0
"129" 0 0 0 0 0 0 0 0 0 0 0.001 0 0 0.938 0 0 0 0 0.061 0
"130" 0 0 0 0 0 0 0 0 0 0 0 0 0 0 0 0 0 0 0.999 0
"131" 0 0 0 0 0 0 0 0 0 0 0 1 0 0 0 0 0 0 0 0
"132" 0 0 0 0 0 0 0 0 0 0 0 0 0 0 0 0 0 0 0.999 0
"133" 0.018 0.008 0.003 0 0.068 0.03 0.001 0.001 0.006 0.087 0.407 0.004 0.029 0.019 0.002 0.013 0.02 0 0.008 0.276
"134" 0 0 0 0 0 0 0 0 0 0 0 0 0 0 0 0 1 0 0 0
"135" 1 0 0 0 0 0 0 0 0 0 0 0 0 0 0 0 0 0 0 0
"136" 0 0 0 0 0 0 0 0 0 0 0 0 0 0 0 1 0 0 0 0
"137" 0 0 0 0 0 0 0 1 0 0 0 0 0 0 0 0 0 0 0 0
"138" 0 0 1 0 0 0 0 0 0 0 0 0 0 0 0 0 0 0 0 0
"139" 0 0 0 0 1 0 0 0 0 0 0 0 0 0 0 0 0 0 0 0
"140" 0 0 0 0 0 0 0 0 0 0 0 0 0 0 0 0 0 0 0.999 0
"141" 0 0 0 0 0 0 0 0 0.001 0 0 0 0 0.015 0 0 0 0 0.984 0
"142" 0 0 0 0 0 0 0 0 0 0 0 0 0 0 1 0 0 0 0 0
"143" 0.004 0.066 0.007 0.001 0.001 0.005 0 0.002 0.002 0 0 0.008 0 0 0.002 0.889 0.012 0 0 0
"144" 0.001 0.002 0.002 0 0.129 0.002 0 0 0.07 0.002 0.011 0.001 0.001 0.31 0 0.006 0.002 0.002 0.455 0.003
"145" 0.001 0.115 0.025 0.001 0 0.786 0.003 0 0.02 0 0 0.038 0 0 0.001 0.005 0.002 0 0 0
"146" 0 0 0 0 0 0 0 0 0 0 0 0 0 0 0 0 0 0 0.999 0
"147" 0 0 0 0 0 0 0 1 0 0 0 0 0 0 0 0 0 0 0 0
"148" 0 0 0 0 0.012 0 0 0 0 0.001 0.003 0 0 0.964 0 0 0 0 0.018 0.001
"149" 0 0 0 0 0 1 0 0 0 0 0 0 0 0 0 0 0 0 0 0
"150" 0 0 0 0 0 0 0 0 0 0 0 0 0 0 1 0 0 0 0 0
"151" 0 0 0 0 0 0 0 0 0 0 0 0 0 0 0 0 1 0 0 0
"152" 0 0 0 0 0 0 0 0 1 0 0 0 0 0 0 0 0 0 0 0
"153" 0 0 0 0 0 0 0 1 0 0 0 0 0 0 0 0 0 0 0 0
"154" 0 0 0 0 0 0 0 0 0 0.135 0.803 0 0.01 0.033 0 0 0.001 0 0.002 0.015
"155" 0 0 0 0 0 0 0 1 0 0 0 0 0 0 0 0 0 0 0 0
"156" 0 0 0 0 0 0 0 0 1 0 0 0 0 0 0 0 0 0 0 0
"157" 0 0 0 0 0 0 0 0 0 0 0.003 0 0.001 0.99 0 0 0 0 0.006 0
"158" 0 0 0 0 0 0 0 0 0 0 0 0 0 0 1 0 0 0 0 0
"159" 0 0 0 0 0 0 0 0 0 0.999 0 0 0 0 0 0 0 0 0 0
"160" 0 1 0 0 0 0 0 0 0 0 0 0 0 0 0 0 0 0 0 0
"161" 0.001 0 0 0 0 0.001 0 0 0 0.131 0.816 0 0.012 0.006 0.007 0.001 0.002 0 0.001 0.021
"162" 0 0 0 0 0 0 0 0 0 0 0 0 0 0 0 0 0 0 0 1
"163" 0 0 0 0 0 0 0 0 0 0 0 0 0 0 0 0 0 0 0 1
"164" 0 0 0 0 0 0 0 0 0 0.005 0.932 0 0.06 0.001 0 0 0 0 0 0.001
"165" 0 0 0 0 0 0 0 0 0 0 0 0 0 0 0 0 1 0 0 0
"166" 0.038 0.001 0.001 0 0 0.003 0 0 0.001 0.002 0.021 0.001 0.001 0.001 0.906 0.013 0.006 0 0 0.003
"167" 0.917 0 0 0 0 0 0 0.072 0 0 0 0 0 0 0 0.006 0.001 0 0 0.001
"168" 0.004 0.007 0.013 0.001 0 0.004 0.001 0.001 0.001 0 0 0.065 0 0 0.002 0.882 0.017 0 0 0
"169" 0 0 0 0 0 0 0 0 0 0 1 0 0 0 0 0 0 0 0 0
"170" 0 0 0 0 0 0 1 0 0 0 0 0 0 0 0 0 0 0 0 0
"171" 0 0 0 0 0 0 0 0 1 0 0 0 0 0 0 0 0 0 0 0
"172" 0.003 0 0.001 0 0 0.001 0 0 0 0 0 0 0 0 0.027 0.961 0.006 0 0 0
"173" 0.03 0.26 0.026 0.003 0.008 0.021 0.003 0.192 0.014 0.181 0.036 0.042 0.018 0.007 0.005 0.042 0.036 0.001 0.005 0.069
"174" 0.004 0.013 0.178 0.006 0 0.652 0.005 0.002 0.023 0 0.001 0.023 0 0 0.002 0.074 0.015 0 0.001 0
"175" 0.009 0.002 0.037 0.001 0.091 0.001 0 0.003 0.002 0 0.001 0.001 0 0.001 0.001 0.824 0.024 0 0.001 0.001
"176" 0 0 0 0 0 0 0 0 0 0 1 0 0 0 0 0 0 0 0 0
"177" 0 0 0 0 0 0 0 0 1 0 0 0 0 0 0 0 0 0 0 0
"178" 0 0 0 0 0 0 0 0 0 0 0 0 0 0 1 0 0 0 0 0
"179" 0.007 0.007 0.004 0.001 0.002 0.092 0.002 0.001 0.008 0.014 0.774 0.005 0.02 0.01 0.005 0.025 0.012 0 0.004 0.009
"180" 0 0 0 0 0 0 0 0 0.001 0 0.001 0 0 0.517 0 0 0 0 0.48 0
"181" 0.002 0.002 0.019 0.94 0 0.003 0.013 0.001 0.001 0 0 0.009 0 0 0 0.004 0.004 0 0 0.002
"182" 0.172 0.025 0.008 0.002 0.004 0.024 0.004 0.003 0.005 0.07 0.245 0.092 0.035 0.011 0.007 0.033 0.047 0 0.005 0.207
