"A" "R" "N" "D" "C" "Q" "E" "G" "H" "I" "L" "K" "M" "F" "P" "S" "T" "W" "Y" "V"
"1" 0.001 0.013 0.007 0.001 0.001 0.001 0.001 0.001 0.001 0.001 0.001 0.958 0.001 0.001 0.001 0.001 0.001 0.001 0.001 0.001
"2" 0 0 0 0 0 0 0 0 0 0 1 0 0 0 0 0 0 0 0 0
"3" 0 0 0 0 0 0 0 0 0 0 1 0 0 0 0 0 0 0 0 0
"4" 0.012 0.012 0.069 0.276 0.012 0.331 0.012 0.012 0.127 0.012 0.012 0.012 0.012 0.012 0.012 0.012 0.012 0.012 0.012 0.012
"5" 0 0 0 0 0 0 0 0 0 1 0 0 0 0 0 0 0 0 0 0
"6" 0 0 0 0 1 0 0 0 0 0 0 0 0 0 0 0 0 0 0 0
"7" 0 0 0 0 0 0 0 0 0 0.983 0 0 0 0 0 0 0 0 0 0.011
"8" 0.003 0.003 0.003 0.003 0.003 0.003 0.003 0.003 0.003 0.003 0.057 0.003 0.003 0.003 0.003 0.886 0.003 0.014 0.003 0.003
"9" 0.752 0.005 0.005 0.123 0.005 0.005 0.005 0.047 0.005 0.005 0.005 0.005 0.005 0.005 0.005 0.005 0.005 0.005 0.005 0.005
"10" 0 0 0 0 0 0 1 0 0 0 0 0 0 0 0 0 0 0 0 0
"11" 0 0 0 0 0 0 0 0 0 1 0 0 0 0 0 0 0 0 0 0
"12" 0 0 0 0 0 0 0 0 0 0 0 0 0 1 0 0 0 0 0 0
"13" 0 0 1 0 0 0 0 0 0 0 0 0 0 0 0 0 0 0 0 0
"14" 0.069 0.012 0.127 0.331 0.012 0.012 0.012 0.012 0.012 0.012 0.012 0.276 0.012 0.012 0.012 0.012 0.012 0.012 0.012 0.012
"15" 0 0 0 0 0 0 0 0 0 0 0 0 0 0 0 0.999 0 0 0 0
"16" 0 0 0 0 0 0 0 0 0 0 0 0 0 0 0 0 1 0 0 0
"17" 0 0 0 0 0 0 0 0 0 0 0 0 0 0.999 0 0 0 0 0 0
"18" 0.047 0.005 0.752 0.005 0.005 0.005 0.005 0.005 0.123 0.005 0.005 0.005 0.005 0.005 0.005 0.005 0.005 0.005 0.005 0.005
"19" 0.008 0.008 0.008 0.008 0.008 0.008 0.008 0.291 0.008 0.008 0.245 0.008 0.008 0.008 0.008 0.321 0.008 0.008 0.008 0.008
"20" 0 0 0 0 0 0 0 0 0 0 0 0 0 0 0 0 0 0 0 1
"21" 0 0 0.001 0 0 0 0 0 0 0 0 0 0 0 0 0 0 0 0.998 0
"22" 0 0 0 0.999 0 0 0 0 0 0 0 0 0 0 0 0 0 0 0 0
"23" 0 0 0 0 0 0 0 0 0 1 0 0 0 0 0 0 0 0 0 0
"24" 0 0 0 0 0 0 0 0 0 0 0 1 0 0 0 0 0 0 0 0
"25" 0 1 0 0 0 0 0 0 0 0 0 0 0 0 0 0 0 0 0 0
"26" 0 0 0 0 0 0 0 0 0 0 0 0 0 0 0 0 1 0 0 0
"27" 0 0 0 0 0 0 0 0 0 0 0 0 0 0 0 0 0 0 0 1
"28" 0 0 0 0 0 0 0 0 0 0 0 0 0 0 0 0 0 1 0 0
"29" 0.012 0.069 0.012 0.012 0.012 0.127 0.012 0.012 0.012 0.012 0.012 0.012 0.012 0.012 0.012 0.331 0.276 0.012 0.012 0.012
"30" 0.012 0.012 0.069 0.127 0.012 0.276 0.012 0.331 0.012 0.012 0.012 0.012 0.012 0.012 0.012 0.012 0.012 0.012 0.012 0.012
"31" 0.005 0.005 0.005 0.005 0.752 0.005 0.005 0.005 0.123 0.047 0.005 0.005 0.005 0.005 0.005 0.005 0.005 0.005 0.005 0.005
"32" 0.001 0.001 0.001 0.001 0.001 0.001 0.001 0.001 0.001 0.007 0.958 0.001 0.001 0.001 0.001 0.001 0.001 0.001 0.001 0.013
"33" 0 0 0 0 0 1 0 0 0 0 0 0 0 0 0 0 0 0 0 0
"34" 0 0 0 1 0 0 0 0 0 0 0 0 0 0 0 0 0 0 0 0
"35" 0 0 0 0 0 0 0 0 0 0 1 0 0 0 0 0 0 0 0 0
"36" 0.003 0.014 0.003 0.003 0.003 0.886 0.057 0.003 0.003 0.003 0.003 0.003 0.003 0.003 0.003 0.003 0.003 0.003 0.003 0.003
"37" 0.012 0.012 0.012 0.012 0.012 0.012 0.012 0.012 0.012 0.012 0.012 0.012 0.012 0.127 0.012 0.331 0.069 0.012 0.012 0.276
"38" 0 0 0 0 0 0 0 0 0 0 0.999 0 0 0 0 0 0 0 0 0
"39" 0.999 0 0 0 0 0 0 0 0 0 0 0 0 0 0 0 0 0 0 0
"40" 0 0 0 0 0 0 0 0 0 0 0 0 0 0 0 0 1 0 0 0
"41" 0 0 0 0 0 0 0 0 0 0 0 0 0 0 0 1 0 0 0 0
"42" 0 1 0 0 0 0 0 0 0 0 0 0 0 0 0 0 0 0 0 0
"43" 0 0 0 0 0 0 0 0 0 1 0 0 0 0 0 0 0 0 0 0
"44" 0 0 0 0 0 0 0 0 0 0 0 0 0 1 0 0 0 0 0 0
"45" 0 0 0 0 0 0 0 0 0 0 0 0 0 0 0 1 0 0 0 0
"46" 0 0 0 0 0 0 0 0 0 0 0.015 0 0 0 0 0 0.978 0 0 0
"47" 0 0 0 0 0 0 0 0 0 0 0 0 0 1 0 0 0 0 0 0
"48" 0 0 1 0 0 0 0 0 0 0 0 0 0 0 0 0 0 0 0 0
"49" 0 0 0 0 0 0 0 0 0 0.978 0 0 0 0 0 0 0 0 0 0.015
"50" 0 0 0 0 0 0 0 0 0 0 0 0 0 0 0 0 0 0 1 0
"51" 0.008 0.291 0.008 0.008 0.008 0.008 0.008 0.245 0.008 0.008 0.008 0.321 0.008 0.008 0.008 0.008 0.008 0.008 0.008 0.008
"52" 0 0 0 0 0 0 0 0 0 0 0 0 0 0 0 0 0 0 0 1
"53" 1 0 0 0 0 0 0 0 0 0 0 0 0 0 0 0 0 0 0 0
"54" 0.012 0.012 0.012 0.012 0.012 0.012 0.012 0.012 0.012 0.069 0.127 0.012 0.012 0.276 0.012 0.012 0.012 0.012 0.012 0.331
"55" 0.973 0 0 0 0 0 0 0 0 0 0.018 0 0 0 0 0 0 0 0 0
"56" 0 0 0 0 0 0 0 0 0 0 0 0 0 0 0 0.983 0.011 0 0 0
"57" 0 0 0 0 0 0 0 0 0 0 1 0 0 0 0 0 0 0 0 0
"58" 0 0 0 0 0 0 0 0 0 0 0 0 0 0 1 0 0 0 0 0
"59" 0 0 0 0 0 0 0 0 0 0 0 0 0 0 0 1 0 0 0 0
"60" 0 0 0 0 0 0 0 0 0 0 1 0 0 0 0 0 0 0 0 0
"61" 0 0 0 0 0 0 0 0 0 0 0 0 0 0 0.999 0 0 0 0 0
"62" 0 0 0 0 0 0 0 0 0 0 0 0 0 0 0 0 0 0 1 0
"63" 1 0 0 0 0 0 0 0 0 0 0 0 0 0 0 0 0 0 0 0
"64" 0.001 0 0 0 0 0 0.998 0 0 0 0 0 0 0 0 0 0 0 0 0
"65" 0 0 0 0 0 0 0 0 0 0 0 0 0.999 0 0 0 0 0 0 0
"66" 0 0 0 0 0 0 0 0 0 0 0 0 0 0 0 0 1 0 0 0
"67" 0 0 0 0 0 0 0 0 0 0 0 1 0 0 0 0 0 0 0 0
"68" 0.008 0.008 0.008 0.008 0.008 0.008 0.008 0.008 0.008 0.245 0.321 0.291 0.008 0.008 0.008 0.008 0.008 0.008 0.008 0.008
"69" 0 0 0 0 0 0 0 0 0 0 0 0 0 0 0 1 0 0 0 0
"70" 0 0 0 0 0 0 0 0.999 0 0 0 0 0 0 0 0 0 0 0 0
"71" 0.003 0.003 0.003 0.003 0.003 0.003 0.003 0.003 0.003 0.003 0.078 0.003 0.003 0.003 0.016 0.003 0.857 0.003 0.003 0.003
"72" 0 0 0 0 0 0 0 0 0 0 0 0 0 0 0 0 0 0 0 1
"73" 0.012 0.069 0.012 0.012 0.012 0.012 0.012 0.012 0.012 0.012 0.127 0.012 0.012 0.276 0.012 0.012 0.012 0.012 0.331 0.012
"74" 0 0 0 0 0 0 0 1 0 0 0 0 0 0 0 0 0 0 0 0
"75" 0 0 0 0 0 0 0 0 0 0 0 0 0 0 0 1 0 0 0 0
"76" 0 0 0 0 0 0 0 0 0 0 1 0 0 0 0 0 0 0 0 0
"77" 0 0 0 0 0 0 0 0 0 0 0 0 0 0 0 0 0 0 0 1
"78" 0 0 0 0 0 0 0 0 0 0 0 0 0 0 0 0 0 0 1 0
"79" 0 0 0 0 0 1 0 0 0 0 0 0 0 0 0 0 0 0 0 0
"80" 0 0 0 0 0 0 0 0 0 1 0 0 0 0 0 0 0 0 0 0
"81" 0.012 0.012 0.127 0.012 0.012 0.012 0.012 0.012 0.012 0.331 0.012 0.012 0.012 0.276 0.012 0.069 0.012 0.012 0.012 0.012
"82" 0 0 0 0 0 0.011 0 0 0 0 0 0 0 0 0 0 0 0 0 0.983
"83" 0 0 0 0 0 0 0 1 0 0 0 0 0 0 0 0 0 0 0 0
"84" 0.983 0 0 0 0 0 0 0 0 0 0 0 0 0 0.011 0 0 0 0 0
"85" 0.958 0.001 0.013 0.001 0.001 0.001 0.001 0.001 0.001 0.001 0.001 0.007 0.001 0.001 0.001 0.001 0.001 0.001 0.001 0.001
"86" 0 0 0 0 0 0 0 1 0 0 0 0 0 0 0 0 0 0 0 0
"87" 0 0 0 0 0 0 0 0 0 0 0 1 0 0 0 0 0 0 0 0
"88" 0 0 0 0 0 0 0 0 0 1 0 0 0 0 0 0 0 0 0 0
"89" 0.012 0.012 0.012 0.012 0.012 0.331 0.276 0.012 0.012 0.069 0.012 0.012 0.127 0.012 0.012 0.012 0.012 0.012 0.012 0.012
"90" 0 0 0.978 0 0 0 0 0 0.015 0 0 0 0 0 0 0 0 0 0 0
"91" 0 0 0 0 0 0 0 0 0 0 0 0 0 0.011 0 0 0 0 0.983 0
"92" 0 0 1 0 0 0 0 0 0 0 0 0 0 0 0 0 0 0 0 0
"93" 0 0 0 0 0 0 0 0 0 0 0 0 0 0 0 0 0 0 1 0
"94" 0 0 0 0 0 0 0 0 0 0 1 0 0 0 0 0 0 0 0 0
"95" 0 0 0 0 0 0 0 0 0 0 0 0 0 0 0 0 0 0 0 1
"96" 0.008 0.008 0.008 0.008 0.008 0.008 0.321 0.008 0.291 0.008 0.008 0.008 0.008 0.008 0.245 0.008 0.008 0.008 0.008 0.008
"97" 0.003 0.003 0.078 0.003 0.003 0.003 0.003 0.003 0.003 0.003 0.857 0.016 0.003 0.003 0.003 0.003 0.003 0.003 0.003 0.003
"98" 0 0 0 0 0 0 0 0 0 0 0 0 0 0 1 0 0 0 0 0
"99" 0 0 0 0 0 0 0 0 0 0 0 0 0 1 0 0 0 0 0 0
"100" 0.001 0.007 0.001 0.001 0.001 0.001 0.001 0.001 0.001 0.001 0.013 0.001 0.958 0.001 0.001 0.001 0.001 0.001 0.001 0.001
"101" 0 0 0 0 0 0 0 1 0 0 0 0 0 0 0 0 0 0 0 0
"102" 0.005 0.005 0.123 0.005 0.005 0.005 0.005 0.005 0.005 0.047 0.005 0.005 0.005 0.005 0.005 0.005 0.005 0.005 0.752 0.005
"103" 0 0 0 0 0 0 0 0 0 0 0 0 0 0 0 0 0 0 0 1
"104" 0 0 0 0 0 0 0 0 0 0.001 0 0 0 0.998 0 0 0 0 0 0
"105" 0.001 0.001 0.001 0.001 0.001 0.001 0.001 0.001 0.001 0.001 0.958 0.013 0.001 0.007 0.001 0.001 0.001 0.001 0.001 0.001
"106" 0.003 0.857 0.003 0.003 0.003 0.003 0.003 0.003 0.003 0.003 0.003 0.078 0.003 0.003 0.003 0.003 0.016 0.003 0.003 0.003
"107" 0 0 1 0 0 0 0 0 0 0 0 0 0 0 0 0 0 0 0 0
"108" 0 0 0 0 0 0 0 0 0 0 0 0 0 0 0 1 0 0 0 0
"109" 0 0 0 0 0 0 0 0 0 0 0 1 0 0 0 0 0 0 0 0
"110" 0.016 0.003 0.003 0.003 0.003 0.003 0.003 0.003 0.003 0.003 0.003 0.078 0.003 0.003 0.003 0.857 0.003 0.003 0.003 0.003
"111" 0 0 0 0 0 0 0 0 0 1 0 0 0 0 0 0 0 0 0 0
"112" 0 0 0 1 0 0 0 0 0 0 0 0 0 0 0 0 0 0 0 0
"113" 0.005 0.005 0.752 0.005 0.005 0.005 0.005 0.005 0.005 0.005 0.005 0.123 0.005 0.005 0.005 0.047 0.005 0.005 0.005 0.005
"114" 1 0 0 0 0 0 0 0 0 0 0 0 0 0 0 0 0 0 0 0
"115" 0 0.001 0 0 0 0 0 0 0 0 0 0 0 0 0 0 0 0 0 0.998
"116" 0 0 0 0 0 0 0 0 0 0 0 0 0 0 0 0 0 0 1 0
"117" 0 0 0 0 0 0 0 0 0 0 0 0 0 0 0 1 0 0 0 0
"118" 0 0 0 0 0 0 0 0 0 0 0 0 0 1 0 0 0 0 0 0
"119" 0 0.999 0 0 0 0 0 0 0 0 0 0 0 0 0 0 0 0 0 0
"120" 0 0 0 0 0 0 0 0 0 0.011 0.983 0 0 0 0 0 0 0 0 0
"121" 0 0 0 0 0 0 0 0 0 0 0 0 0 0 0 0.999 0 0 0 0
"122" 0 1 0 0 0 0 0 0 0 0 0 0 0 0 0 0 0 0 0 0
"123" 0 0 0 0 0 0 0.011 0 0 0 0 0.983 0 0 0 0 0 0 0 0
"124" 0.008 0.008 0.291 0.008 0.008 0.008 0.008 0.008 0.008 0.008 0.008 0.245 0.008 0.008 0.008 0.008 0.321 0.008 0.008 0.008
"125" 0 0 0 0 0 0.018 0 0 0.973 0 0 0 0 0 0 0 0 0 0 0
"126" 0 0 0 0 0 0 0 0 0 0 1 0 0 0 0 0 0 0 0 0
"127" 0 0 0 0 0 0 0 0 0 0 0 1 0 0 0 0 0 0 0 0
"128" 0 0 0 0 0 0 0 0 0 0 0 0 0 0 1 0 0 0 0 0
"129" 0 0 0 0 0 0 0 1 0 0 0 0 0 0 0 0 0 0 0 0
"130" 0 0 0 0 0 0 1 0 0 0 0 0 0 0 0 0 0 0 0 0
"131" 0 1 0 0 0 0 0 0 0 0 0 0 0 0 0 0 0 0 0 0
"132" 0 0 0 0 0 0 0 0 0 0 0 0 0 1 0 0 0 0 0 0
"133" 0 0 0 0 0 0 0 0 0 0.018 0 0 0.973 0 0 0 0 0 0 0
"134" 0 0 0 0 0 0 0 0 0 0 0 0 0 1 0 0 0 0 0 0
"135" 0.001 0.001 0.007 0.001 0.001 0.001 0.001 0.001 0.001 0.001 0.001 0.013 0.001 0.001 0.001 0.001 0.958 0.001 0.001 0.001
"136" 0 0 0 0 0 0 0 0 0 0 0 0 0 0 0 1 0 0 0 0
"137" 0 0 0 0 0 0 0 0 0 0 0 0.999 0 0 0 0 0 0 0 0
"138" 0 0 1 0 0 0 0 0 0 0 0 0 0 0 0 0 0 0 0 0
"139" 0 0 0 0 0 0.978 0 0 0 0 0.015 0 0 0 0 0 0 0 0 0
"140" 0 0 0 0 0 0 0 0 0 0 0 0 0 0 0 0 0 0 1 0
"141" 0 0 0.011 0 0 0 0 0 0 0 0 0 0 0 0 0.983 0 0 0 0
"142" 0.276 0.012 0.012 0.012 0.012 0.012 0.012 0.012 0.012 0.069 0.012 0.127 0.012 0.012 0.012 0.012 0.012 0.012 0.012 0.331
"143" 0.013 0.001 0.001 0.001 0.001 0.001 0.001 0.001 0.001 0.001 0.001 0.001 0.001 0.001 0.001 0.001 0.007 0.001 0.001 0.958
"144" 0 0 0 0 0 0 0 0 0.011 0 0 0 0 0 0 0 0 0 0.983 0
"145" 1 0 0 0 0 0 0 0 0 0 0 0 0 0 0 0 0 0 0 0
"146" 0 0 0 0 0 0 0 0 0 0.973 0 0 0 0 0 0 0 0 0 0.018
"147" 0 0 0.973 0 0 0 0 0 0 0.018 0 0 0 0 0 0 0 0 0 0
"148" 0 0 0 0 0 0 0 0 0 0 0 0 0 1 0 0 0 0 0 0
"149" 0 0 0 0 0 0 0 0 0 0 0 0 0 1 0 0 0 0 0 0
"150" 0 0 0 0 0 0 0 0 0 0 0 0 0 0 1 0 0 0 0 0
"151" 0 0 0 0 0 0 0 0 0 0 0 0 0 0 0 0 1 0 0 0
"152" 0 0 0 0 0 0 0 0 0 0 0 0 0 1 0 0 0 0 0 0
"153" 0 0 0 0 0 0 0 1 0 0 0 0 0 0 0 0 0 0 0 0
"154" 0.012 0.331 0.012 0.012 0.012 0.276 0.012 0.069 0.012 0.012 0.012 0.012 0.012 0.012 0.012 0.012 0.012 0.012 0.127 0.012
"155" 0.012 0.012 0.012 0.012 0.012 0.276 0.331 0.127 0.012 0.012 0.069 0.012 0.012 0.012 0.012 0.012 0.012 0.012 0.012 0.012
"156" 0 0 0.015 0 0 0 0 0 0 0 0 0 0 0 0 0 0 0 0.978 0
"157" 0 0 0 0 0 1 0 0 0 0 0 0 0 0 0 0 0 0 0 0
"158" 0 0 0 0 0 0 0 0 0 0 0 0 0 0 1 0 0 0 0 0
"159" 0 0 0 0 0 0 0 0 0 0 0 0 0 0 0 0 0 0 1 0
"160" 0 0 0 0 0 0 1 0 0 0 0 0 0 0 0 0 0 0 0 0
"161" 0 0 0 0 0 0 0 0 0 0 0 0.001 0 0 0 0 0.998 0 0 0
"162" 0.001 0.001 0.001 0.007 0.001 0.001 0.001 0.001 0.001 0.001 0.001 0.001 0.001 0.001 0.001 0.013 0.001 0.001 0.001 0.958
"163" 0 0 0 0 0 0 0 0 0 0 0 0 0 0 0 0 0 0 0 1
"164" 0 0 0 0 0 0 0 0 0 0 1 0 0 0 0 0 0 0 0 0
"165" 0.003 0.003 0.003 0.003 0.003 0.003 0.003 0.014 0.003 0.003 0.003 0.003 0.003 0.003 0.003 0.886 0.057 0.003 0.003 0.003
"166" 0.008 0.008 0.008 0.008 0.008 0.008 0.008 0.291 0.008 0.245 0.008 0.008 0.008 0.008 0.008 0.008 0.321 0.008 0.008 0.008
"167" 0 0 0.001 0.998 0 0 0 0 0 0 0 0 0 0 0 0 0 0 0 0
"168" 0 0 0 0 0 0 0 0 0 0 0 0.011 0.983 0 0 0 0 0 0 0
"169" 0.069 0.012 0.012 0.012 0.012 0.012 0.012 0.012 0.012 0.276 0.012 0.012 0.012 0.012 0.012 0.012 0.331 0.012 0.012 0.127
"170" 0 0 0 0 0 0.999 0 0 0 0 0 0 0 0 0 0 0 0 0 0
"171" 0.958 0.001 0.001 0.013 0.001 0.001 0.001 0.001 0.001 0.001 0.001 0.001 0.001 0.001 0.001 0.001 0.007 0.001 0.001 0.001
"172" 0 0.015 0 0.978 0 0 0 0 0 0 0 0 0 0 0 0 0 0 0 0
"173" 0.012 0.012 0.276 0.012 0.012 0.012 0.012 0.012 0.331 0.012 0.012 0.012 0.012 0.012 0.127 0.012 0.012 0.012 0.069 0.012
"174" 0.003 0.003 0.003 0.003 0.003 0.886 0.003 0.003 0.003 0.003 0.003 0.057 0.003 0.003 0.014 0.003 0.003 0.003 0.003 0.003
"175" 0.012 0.012 0.276 0.012 0.012 0.127 0.012 0.012 0.069 0.012 0.012 0.012 0.012 0.012 0.012 0.331 0.012 0.012 0.012 0.012
"176" 0 0 1 0 0 0 0 0 0 0 0 0 0 0 0 0 0 0 0 0
"177" 0.004 0.004 0.004 0.004 0.004 0.004 0.004 0.004 0.042 0.004 0.004 0.004 0.004 0.004 0.797 0.004 0.092 0.004 0.004 0.004
"178" 0 0 0 0 0 0 0 0 0 0.011 0 0 0 0 0 0 0.983 0 0 0
"179" 0 0 0 0 0 0 0 0 0 0 0 1 0 0 0 0 0 0 0 0
"180" 0.001 0.001 0.001 0.001 0.001 0.001 0.001 0.007 0.001 0.001 0.013 0.001 0.001 0.001 0.001 0.001 0.001 0.001 0.001 0.958
"181" 0 0 0 0 0 0 0 0 0 0 1 0 0 0 0 0 0 0 0 0
"182" 0 0 0 0 0 0 0 0 0 0.018 0 0 0 0 0 0 0 0 0 0.973
