"A","R","N","D","C","Q","E","G","H","I","L","K","M","F","P","S","T","W","Y","V"
0.000,0.000,0.000,0.000,1.000,0.000,0.000,0.000,0.000,0.000,0.000,0.000,0.000,0.000,0.000,0.000,0.000,0.000,0.000,0.000
0.000,0.004,0.000,0.000,0.000,0.967,0.013,0.000,0.005,0.000,0.002,0.007,0.000,0.000,0.002,0.000,0.000,0.000,0.000,0.000
0.000,0.000,0.000,0.000,0.000,0.000,0.000,0.000,0.000,0.004,0.000,0.000,0.000,0.000,0.000,0.000,0.000,0.000,0.000,0.996
0.000,0.000,0.000,0.000,1.000,0.000,0.000,0.000,0.000,0.000,0.000,0.000,0.000,0.000,0.000,0.000,0.000,0.000,0.000,0.000
0.000,0.000,0.979,0.010,0.000,0.000,0.000,0.000,0.001,0.000,0.000,0.002,0.000,0.000,0.000,0.004,0.001,0.000,0.003,0.000
0.000,0.000,0.000,1.000,0.000,0.000,0.000,0.000,0.000,0.000,0.000,0.000,0.000,0.000,0.000,0.000,0.000,0.000,0.000,0.000
0.000,0.000,0.214,0.012,0.001,0.000,0.000,0.000,0.028,0.001,0.000,0.000,0.000,0.006,0.000,0.005,0.000,0.000,0.733,0.000
1.000,0.000,0.000,0.000,0.000,0.000,0.000,0.000,0.000,0.000,0.000,0.000,0.000,0.000,0.000,0.000,0.000,0.000,0.000,0.000
0.000,0.000,0.000,0.000,0.000,0.000,0.000,0.000,0.000,0.000,0.000,0.000,0.000,0.000,0.000,1.000,0.000,0.000,0.000,0.000
0.000,0.000,0.000,0.000,0.000,0.000,0.000,1.000,0.000,0.000,0.000,0.000,0.000,0.000,0.000,0.000,0.000,0.000,0.000,0.000
0.000,0.000,0.000,0.000,0.000,0.000,0.000,0.000,0.000,0.000,0.000,0.000,0.000,0.995,0.000,0.000,0.000,0.000,0.005,0.000
0.000,0.000,0.000,0.000,0.000,0.000,0.000,0.000,1.000,0.000,0.000,0.000,0.000,0.000,0.000,0.000,0.000,0.000,0.000,0.000
0.000,0.000,0.000,0.000,0.000,0.000,0.000,0.000,0.000,0.000,0.000,0.000,0.000,0.000,0.000,0.000,0.000,0.000,1.000,0.000
0.000,0.000,0.000,0.000,0.000,0.000,0.000,1.000,0.000,0.000,0.000,0.000,0.000,0.000,0.000,0.000,0.000,0.000,0.000,0.000
0.028,0.000,0.000,0.000,0.000,0.000,0.000,0.000,0.000,0.000,0.000,0.000,0.000,0.000,0.000,0.000,0.000,0.000,0.000,0.971
0.000,0.000,0.000,0.000,0.000,0.000,0.000,0.000,0.000,0.000,0.000,0.000,0.000,0.000,0.000,0.000,0.000,1.000,0.000,0.000
0.000,0.000,0.000,0.000,0.000,0.000,0.000,0.000,0.000,0.000,0.000,0.000,0.000,0.000,0.000,1.000,0.000,0.000,0.000,0.000
0.000,0.000,0.000,0.000,1.000,0.000,0.000,0.000,0.000,0.000,0.000,0.000,0.000,0.000,0.000,0.000,0.000,0.000,0.000,0.000
0.000,0.000,0.000,0.000,0.000,0.000,1.000,0.000,0.000,0.000,0.000,0.000,0.000,0.000,0.000,0.000,0.000,0.000,0.000,0.000
0.000,0.000,0.000,0.000,0.000,0.000,0.000,1.000,0.000,0.000,0.000,0.000,0.000,0.000,0.000,0.000,0.000,0.000,0.000,0.000
0.000,0.000,0.000,0.000,1.000,0.000,0.000,0.000,0.000,0.000,0.000,0.000,0.000,0.000,0.000,0.000,0.000,0.000,0.000,0.000
0.000,0.000,0.000,0.000,0.000,0.000,0.000,0.000,0.000,0.000,0.000,1.000,0.000,0.000,0.000,0.000,0.000,0.000,0.000,0.000
1.000,0.000,0.000,0.000,0.000,0.000,0.000,0.000,0.000,0.000,0.000,0.000,0.000,0.000,0.000,0.000,0.000,0.000,0.000,0.000
0.000,0.000,0.000,0.000,0.000,0.000,0.000,0.000,0.000,0.000,0.000,0.000,0.000,1.000,0.000,0.000,0.000,0.000,0.000,0.000
0.000,0.000,0.000,0.000,0.000,0.000,0.000,0.000,0.000,0.000,0.000,0.000,0.000,1.000,0.000,0.000,0.000,0.000,0.000,0.000
0.000,0.000,0.000,0.000,0.000,0.000,0.000,0.000,0.000,0.000,0.000,1.000,0.000,0.000,0.000,0.000,0.000,0.000,0.000,0.000
0.000,1.000,0.000,0.000,0.000,0.000,0.000,0.000,0.000,0.000,0.000,0.000,0.000,0.000,0.000,0.000,0.000,0.000,0.000,0.000
0.000,0.000,0.000,0.000,0.000,0.000,0.000,0.000,0.000,0.000,0.000,0.000,0.000,0.000,0.000,1.000,0.000,0.000,0.000,0.000
0.000,0.000,0.000,0.000,0.000,0.000,0.000,0.000,0.000,0.997,0.000,0.000,0.001,0.000,0.000,0.000,0.000,0.000,0.000,0.001
0.000,0.000,0.000,0.000,0.000,1.000,0.000,0.000,0.000,0.000,0.000,0.000,0.000,0.000,0.000,0.000,0.000,0.000,0.000,0.000
0.000,0.000,0.000,0.000,0.000,0.000,0.000,1.000,0.000,0.000,0.000,0.000,0.000,0.000,0.000,0.000,0.000,0.000,0.000,0.000
0.000,0.000,0.000,0.000,0.000,0.000,0.000,0.000,0.001,0.000,0.000,0.000,0.000,0.000,0.997,0.001,0.000,0.000,0.000,0.000
0.416,0.000,0.003,0.005,0.000,0.000,0.001,0.001,0.000,0.112,0.002,0.001,0.022,0.001,0.001,0.002,0.133,0.000,0.000,0.301
0.000,0.000,0.000,0.999,0.000,0.000,0.001,0.000,0.000,0.000,0.000,0.000,0.000,0.000,0.000,0.000,0.000,0.000,0.000,0.000
0.000,0.000,0.000,0.000,0.000,0.000,0.000,0.000,0.000,0.000,0.000,0.000,0.000,0.000,0.000,0.000,0.000,0.000,1.000,0.000
0.001,0.000,0.000,0.000,0.000,0.000,0.000,0.000,0.000,0.003,0.000,0.000,0.003,0.000,0.000,0.000,0.000,0.000,0.000,0.993
0.000,0.000,0.000,0.000,1.000,0.000,0.000,0.000,0.000,0.000,0.000,0.000,0.000,0.000,0.000,0.000,0.000,0.000,0.000,0.000
0.000,0.000,0.000,0.000,0.000,0.000,0.000,0.000,0.000,0.000,0.000,0.000,0.000,0.000,1.000,0.000,0.000,0.000,0.000,0.000
1.000,0.000,0.000,0.000,0.000,0.000,0.000,0.000,0.000,0.000,0.000,0.000,0.000,0.000,0.000,0.000,0.000,0.000,0.000,0.000
0.000,0.000,0.000,0.000,0.000,0.000,0.000,0.000,0.000,0.000,0.000,0.000,0.000,0.000,0.000,0.000,1.000,0.000,0.000,0.000
0.000,0.000,1.000,0.000,0.000,0.000,0.000,0.000,0.000,0.000,0.000,0.000,0.000,0.000,0.000,0.000,0.000,0.000,0.000,0.000
0.049,0.028,0.019,0.000,0.000,0.000,0.001,0.002,0.000,0.001,0.000,0.023,0.001,0.000,0.013,0.103,0.759,0.000,0.000,0.000
0.000,0.000,0.000,0.000,1.000,0.000,0.000,0.000,0.000,0.000,0.000,0.000,0.000,0.000,0.000,0.000,0.000,0.000,0.000,0.000
0.000,0.000,0.000,0.000,0.000,0.000,0.000,0.000,0.000,0.000,0.000,0.000,0.000,0.000,0.000,0.000,1.000,0.000,0.000,0.000
0.000,0.000,0.000,0.000,0.000,0.000,0.000,0.000,0.000,0.998,0.000,0.000,0.001,0.000,0.000,0.000,0.000,0.000,0.000,0.001
0.000,0.000,0.000,1.000,0.000,0.000,0.000,0.000,0.000,0.000,0.000,0.000,0.000,0.000,0.000,0.000,0.000,0.000,0.000,0.000
0.000,0.001,0.000,0.000,0.000,0.000,0.000,0.000,0.000,0.000,0.000,0.999,0.000,0.000,0.000,0.000,0.000,0.000,0.000,0.000
0.000,0.000,0.000,0.000,0.000,0.000,0.000,0.000,0.999,0.000,0.000,0.000,0.000,0.000,0.000,0.000,0.000,0.000,0.000,0.000
0.000,1.000,0.000,0.000,0.000,0.000,0.000,0.000,0.000,0.000,0.000,0.000,0.000,0.000,0.000,0.000,0.000,0.000,0.000,0.000
0.000,1.000,0.000,0.000,0.000,0.000,0.000,0.000,0.000,0.000,0.000,0.000,0.000,0.000,0.000,0.000,0.000,0.000,0.000,0.000
0.000,0.000,0.000,0.000,0.000,0.000,0.000,0.000,0.000,0.000,0.000,1.000,0.000,0.000,0.000,0.000,0.000,0.000,0.000,0.000
0.000,0.000,0.000,0.000,0.000,0.000,0.000,0.000,0.000,0.000,0.000,0.000,0.000,0.000,0.000,1.000,0.000,0.000,0.000,0.000
0.000,0.000,0.000,0.000,1.000,0.000,0.000,0.000,0.000,0.000,0.000,0.000,0.000,0.000,0.000,0.000,0.000,0.000,0.000,0.000
0.000,0.000,0.000,0.000,0.000,1.000,0.000,0.000,0.000,0.000,0.000,0.000,0.000,0.000,0.000,0.000,0.000,0.000,0.000,0.000
1.000,0.000,0.000,0.000,0.000,0.000,0.000,0.000,0.000,0.000,0.000,0.000,0.000,0.000,0.000,0.000,0.000,0.000,0.000,0.000
0.000,0.000,0.000,0.000,1.000,0.000,0.000,0.000,0.000,0.000,0.000,0.000,0.000,0.000,0.000,0.000,0.000,0.000,0.000,0.000
0.000,1.000,0.000,0.000,0.000,0.000,0.000,0.000,0.000,0.000,0.000,0.000,0.000,0.000,0.000,0.000,0.000,0.000,0.000,0.000
0.000,0.000,0.000,0.000,0.000,0.000,0.000,0.000,0.000,0.000,0.996,0.000,0.001,0.003,0.000,0.000,0.000,0.000,0.000,0.000
0.000,0.974,0.000,0.000,0.000,0.023,0.000,0.000,0.001,0.000,0.000,0.001,0.000,0.000,0.000,0.000,0.000,0.000,0.000,0.000
0.000,0.000,0.000,0.000,0.000,0.000,0.000,0.000,0.000,0.000,0.000,0.999,0.000,0.000,0.000,0.000,0.000,0.000,0.000,0.000
0.000,0.000,0.000,0.000,1.000,0.000,0.000,0.000,0.000,0.000,0.000,0.000,0.000,0.000,0.000,0.000,0.000,0.000,0.000,0.000
0.000,0.000,0.003,0.000,0.008,0.000,0.000,0.000,0.056,0.000,0.011,0.000,0.000,0.193,0.000,0.003,0.000,0.000,0.726,0.000
0.008,0.000,0.001,0.109,0.000,0.000,0.862,0.010,0.000,0.000,0.000,0.006,0.000,0.000,0.000,0.000,0.000,0.000,0.000,0.004
0.001,0.000,0.000,0.000,0.000,0.000,0.000,0.000,0.000,0.001,0.000,0.000,0.001,0.000,0.000,0.000,0.000,0.000,0.000,0.997
0.000,0.000,0.000,0.000,0.000,0.000,0.000,1.000,0.000,0.000,0.000,0.000,0.000,0.000,0.000,0.000,0.000,0.000,0.000,0.000
0.000,0.000,0.000,0.000,0.000,0.000,0.000,0.000,0.000,0.000,0.000,0.000,1.000,0.000,0.000,0.000,0.000,0.000,0.000,0.000
0.003,0.003,0.396,0.005,0.000,0.000,0.001,0.000,0.003,0.167,0.002,0.118,0.073,0.001,0.000,0.017,0.203,0.000,0.002,0.006
0.000,0.010,0.001,0.000,0.000,0.001,0.000,0.000,0.000,0.000,0.000,0.987,0.000,0.000,0.000,0.000,0.000,0.000,0.000,0.000
0.000,0.001,0.000,0.001,0.000,0.000,0.001,0.996,0.000,0.000,0.000,0.000,0.000,0.000,0.000,0.000,0.000,0.000,0.000,0.000
0.007,0.038,0.020,0.005,0.010,0.000,0.001,0.191,0.000,0.001,0.001,0.002,0.000,0.001,0.003,0.709,0.005,0.002,0.002,0.001
0.006,0.083,0.009,0.001,0.001,0.361,0.022,0.006,0.028,0.044,0.222,0.084,0.012,0.008,0.057,0.015,0.015,0.000,0.001,0.024
0.000,0.998,0.000,0.000,0.000,0.000,0.000,0.000,0.000,0.000,0.000,0.000,0.000,0.000,0.000,0.000,0.000,0.000,0.000,0.000
0.000,0.006,0.006,0.000,0.000,0.002,0.002,0.000,0.000,0.001,0.000,0.980,0.001,0.000,0.000,0.000,0.001,0.000,0.000,0.000
0.007,0.000,0.002,0.173,0.000,0.001,0.772,0.025,0.000,0.000,0.000,0.008,0.000,0.000,0.000,0.000,0.000,0.000,0.000,0.010
0.000,0.986,0.000,0.000,0.001,0.002,0.000,0.003,0.001,0.000,0.000,0.003,0.000,0.000,0.000,0.001,0.000,0.002,0.000,0.000
0.000,0.113,0.010,0.001,0.000,0.011,0.037,0.004,0.001,0.002,0.000,0.813,0.002,0.000,0.000,0.001,0.004,0.000,0.000,0.000
