"A","R","N","D","C","Q","E","G","H","I","L","K","M","F","P","S","T","W","Y","V"
0.519,0.016,0.009,0.003,0.000,0.006,0.053,0.005,0.000,0.019,0.001,0.058,0.004,0.000,0.001,0.031,0.240,0.000,0.000,0.034
0.001,0.000,0.000,0.000,0.000,0.000,0.000,0.000,0.000,0.446,0.281,0.000,0.081,0.009,0.000,0.000,0.003,0.000,0.000,0.179
0.000,0.000,0.000,0.000,0.000,0.000,0.000,0.000,0.000,0.898,0.051,0.000,0.010,0.000,0.000,0.000,0.000,0.000,0.000,0.040
0.002,0.000,0.000,0.000,0.000,0.000,0.000,0.000,0.000,0.356,0.032,0.000,0.027,0.003,0.000,0.000,0.002,0.000,0.000,0.578
0.000,0.000,0.000,0.000,0.000,0.000,0.000,0.000,0.000,0.040,0.927,0.000,0.020,0.004,0.000,0.000,0.000,0.000,0.000,0.009
0.096,0.000,0.000,0.000,0.000,0.001,0.000,0.000,0.000,0.271,0.185,0.001,0.044,0.009,0.001,0.013,0.046,0.000,0.000,0.332
0.001,0.000,0.000,0.000,0.000,0.000,0.000,0.000,0.000,0.297,0.456,0.000,0.084,0.035,0.000,0.001,0.003,0.000,0.003,0.119
0.046,0.000,0.000,0.000,0.000,0.000,0.000,0.000,0.000,0.309,0.120,0.000,0.046,0.002,0.000,0.003,0.022,0.000,0.000,0.451
0.003,0.000,0.000,0.000,0.000,0.000,0.000,0.000,0.000,0.347,0.143,0.000,0.025,0.180,0.000,0.001,0.002,0.000,0.002,0.296
0.580,0.000,0.002,0.000,0.000,0.000,0.000,0.001,0.000,0.054,0.002,0.001,0.004,0.000,0.000,0.022,0.210,0.000,0.000,0.124
0.602,0.000,0.006,0.000,0.000,0.000,0.001,0.002,0.000,0.003,0.000,0.001,0.000,0.000,0.001,0.127,0.248,0.000,0.000,0.006
0.304,0.001,0.010,0.002,0.000,0.001,0.003,0.032,0.000,0.105,0.007,0.002,0.007,0.001,0.001,0.105,0.199,0.000,0.000,0.219
0.000,0.217,0.053,0.005,0.000,0.041,0.016,0.001,0.001,0.000,0.000,0.659,0.000,0.000,0.000,0.003,0.003,0.000,0.000,0.000
0.813,0.000,0.000,0.000,0.000,0.000,0.000,0.013,0.000,0.000,0.000,0.000,0.000,0.000,0.000,0.170,0.004,0.000,0.000,0.000
0.000,0.000,0.000,1.000,0.000,0.000,0.000,0.000,0.000,0.000,0.000,0.000,0.000,0.000,0.000,0.000,0.000,0.000,0.000,0.000
0.000,0.138,0.001,0.000,0.000,0.053,0.002,0.000,0.000,0.000,0.000,0.802,0.000,0.000,0.000,0.000,0.004,0.000,0.000,0.000
0.000,0.000,0.000,0.000,0.000,0.000,0.000,0.000,0.000,0.999,0.000,0.000,0.000,0.000,0.000,0.000,0.000,0.000,0.000,0.000
0.000,0.000,0.000,0.000,1.000,0.000,0.000,0.000,0.000,0.000,0.000,0.000,0.000,0.000,0.000,0.000,0.000,0.000,0.000,0.000
0.000,0.000,0.000,0.000,0.000,0.000,0.000,0.000,0.000,0.999,0.000,0.000,0.000,0.000,0.000,0.000,0.000,0.000,0.000,0.001
0.000,0.000,0.000,0.000,0.000,0.000,0.000,1.000,0.000,0.000,0.000,0.000,0.000,0.000,0.000,0.000,0.000,0.000,0.000,0.000
0.000,0.000,0.000,0.000,0.000,0.000,0.000,0.000,0.000,0.000,0.000,0.000,0.000,0.000,0.000,0.000,0.000,0.000,1.000,0.000
0.000,0.000,0.000,0.000,0.000,0.000,0.000,0.000,1.000,0.000,0.000,0.000,0.000,0.000,0.000,0.000,0.000,0.000,0.000,0.000
0.993,0.000,0.000,0.000,0.000,0.000,0.000,0.000,0.000,0.000,0.000,0.000,0.000,0.000,0.000,0.007,0.000,0.000,0.000,0.000
0.000,0.000,1.000,0.000,0.000,0.000,0.000,0.000,0.000,0.000,0.000,0.000,0.000,0.000,0.000,0.000,0.000,0.000,0.000,0.000
0.000,0.000,0.998,0.001,0.000,0.000,0.000,0.000,0.000,0.000,0.000,0.000,0.000,0.000,0.000,0.000,0.000,0.000,0.000,0.000
0.000,0.000,0.000,0.000,0.000,0.000,0.000,0.000,0.000,0.000,0.000,0.000,0.000,0.000,0.000,1.000,0.000,0.000,0.000,0.000
0.000,0.000,0.000,0.000,0.000,0.000,0.000,0.000,0.000,0.000,0.000,0.000,0.000,0.000,0.000,0.000,1.000,0.000,0.000,0.000
0.004,0.000,0.005,0.093,0.000,0.000,0.886,0.000,0.000,0.000,0.000,0.007,0.000,0.000,0.000,0.000,0.004,0.000,0.000,0.000
0.004,0.092,0.006,0.000,0.000,0.672,0.006,0.000,0.005,0.001,0.001,0.171,0.000,0.000,0.000,0.004,0.036,0.000,0.000,0.001
0.000,0.000,0.000,0.000,0.000,0.000,0.000,0.000,0.000,0.000,0.000,0.000,0.000,0.000,0.000,0.000,0.000,0.000,0.000,1.000
0.000,0.000,0.000,1.000,0.000,0.000,0.000,0.000,0.000,0.000,0.000,0.000,0.000,0.000,0.000,0.000,0.000,0.000,0.000,0.000
0.000,0.000,0.000,0.000,0.000,0.000,0.000,0.000,0.000,0.000,0.000,0.000,0.000,0.000,0.000,0.000,1.000,0.000,0.000,0.000
0.000,0.000,0.000,0.000,0.000,0.000,0.000,0.000,0.000,0.940,0.024,0.000,0.004,0.000,0.000,0.000,0.000,0.000,0.000,0.031
0.000,0.000,0.000,0.000,0.000,0.000,0.000,0.000,0.000,0.036,0.933,0.000,0.029,0.000,0.000,0.000,0.000,0.000,0.000,0.001
0.000,0.000,0.000,0.000,0.000,0.000,1.000,0.000,0.000,0.000,0.000,0.000,0.000,0.000,0.000,0.000,0.000,0.000,0.000,0.000
0.000,0.030,0.022,0.000,0.000,0.001,0.001,0.000,0.000,0.000,0.000,0.944,0.000,0.000,0.000,0.000,0.000,0.000,0.000,0.000
0.000,0.000,0.994,0.005,0.000,0.000,0.000,0.000,0.000,0.000,0.000,0.000,0.000,0.000,0.000,0.001,0.000,0.000,0.000,0.000
0.000,0.000,0.000,0.000,0.000,0.000,0.000,0.000,0.000,0.001,0.000,0.000,0.000,0.000,0.000,0.000,0.000,0.000,0.000,0.999
0.002,0.000,0.000,0.000,0.000,0.000,0.000,0.000,0.000,0.000,0.000,0.000,0.000,0.000,0.002,0.001,0.995,0.000,0.000,0.000
0.000,0.000,0.000,0.000,0.000,0.000,0.000,0.000,0.000,0.000,0.000,0.000,0.000,0.000,0.000,0.000,0.000,0.000,0.000,1.000
0.000,0.000,0.000,0.000,0.000,0.000,0.000,0.000,0.000,0.000,0.000,0.000,0.000,0.000,0.000,0.000,1.000,0.000,0.000,0.000
0.000,0.000,0.000,0.000,0.000,0.000,0.000,0.000,1.000,0.000,0.000,0.000,0.000,0.000,0.000,0.000,0.000,0.000,0.000,0.000
0.357,0.000,0.000,0.000,0.000,0.000,0.000,0.000,0.000,0.000,0.000,0.000,0.000,0.000,0.000,0.638,0.004,0.000,0.000,0.000
0.003,0.000,0.000,0.000,0.000,0.001,0.000,0.000,0.000,0.047,0.001,0.000,0.007,0.000,0.000,0.000,0.002,0.000,0.000,0.939
0.000,0.000,0.000,0.068,0.000,0.000,0.932,0.000,0.000,0.000,0.000,0.000,0.000,0.000,0.000,0.000,0.000,0.000,0.000,0.000
0.000,0.000,0.000,0.000,0.000,0.000,0.000,0.000,0.000,0.002,0.998,0.000,0.000,0.000,0.000,0.000,0.000,0.000,0.000,0.000
0.000,0.000,0.000,0.000,0.000,0.000,0.000,0.000,0.000,0.007,0.985,0.000,0.002,0.000,0.000,0.000,0.000,0.000,0.000,0.005
0.000,0.000,0.000,0.000,0.000,0.000,1.000,0.000,0.000,0.000,0.000,0.000,0.000,0.000,0.000,0.000,0.000,0.000,0.000,0.000
0.002,0.002,0.809,0.049,0.000,0.001,0.004,0.001,0.000,0.000,0.000,0.057,0.000,0.000,0.000,0.017,0.058,0.000,0.000,0.000
0.052,0.043,0.077,0.027,0.000,0.234,0.185,0.007,0.007,0.002,0.001,0.173,0.001,0.000,0.004,0.072,0.112,0.000,0.000,0.003
0.000,0.002,0.000,0.000,0.000,0.004,0.000,0.000,0.992,0.000,0.000,0.001,0.000,0.000,0.000,0.000,0.000,0.000,0.000,0.000
0.011,0.002,0.570,0.192,0.000,0.002,0.052,0.004,0.001,0.000,0.000,0.050,0.000,0.000,0.000,0.041,0.073,0.000,0.000,0.000
0.001,0.001,0.002,0.017,0.000,0.000,0.026,0.948,0.000,0.000,0.000,0.001,0.000,0.000,0.000,0.004,0.000,0.000,0.000,0.000
0.000,0.336,0.001,0.000,0.000,0.002,0.001,0.000,0.000,0.000,0.000,0.656,0.001,0.000,0.000,0.001,0.003,0.000,0.000,0.000
0.000,0.000,0.000,0.000,0.000,0.000,0.000,0.000,0.000,0.001,0.597,0.000,0.000,0.401,0.000,0.000,0.000,0.000,0.000,0.000
0.000,0.000,0.000,0.000,1.000,0.000,0.000,0.000,0.000,0.000,0.000,0.000,0.000,0.000,0.000,0.000,0.000,0.000,0.000,0.000
0.001,0.351,0.015,0.001,0.000,0.008,0.012,0.001,0.000,0.000,0.000,0.601,0.000,0.000,0.000,0.005,0.004,0.000,0.000,0.000
0.939,0.000,0.001,0.000,0.000,0.000,0.001,0.000,0.000,0.000,0.000,0.001,0.000,0.000,0.002,0.021,0.033,0.000,0.000,0.001
0.000,0.000,0.000,0.000,0.000,0.000,0.000,0.000,0.000,0.000,0.000,0.000,0.000,0.000,1.000,0.000,0.000,0.000,0.000,0.000
0.000,0.000,0.000,0.000,0.000,0.000,0.000,0.000,0.000,0.006,0.989,0.000,0.004,0.001,0.000,0.000,0.000,0.000,0.000,0.001
0.023,0.014,0.153,0.283,0.000,0.086,0.210,0.011,0.070,0.005,0.001,0.060,0.001,0.000,0.001,0.038,0.033,0.000,0.002,0.010
0.000,0.000,0.000,0.000,0.000,0.000,0.000,0.000,0.000,0.000,1.000,0.000,0.000,0.000,0.000,0.000,0.000,0.000,0.000,0.000
0.001,0.043,0.002,0.004,0.000,0.000,0.011,0.920,0.000,0.000,0.000,0.013,0.000,0.000,0.000,0.005,0.000,0.000,0.000,0.000
0.000,0.000,0.008,0.989,0.000,0.000,0.003,0.000,0.000,0.000,0.000,0.000,0.000,0.000,0.000,0.000,0.000,0.000,0.000,0.000
0.000,0.000,0.000,0.000,1.000,0.000,0.000,0.000,0.000,0.000,0.000,0.000,0.000,0.000,0.000,0.000,0.000,0.000,0.000,0.000
0.007,0.000,0.101,0.000,0.000,0.000,0.000,0.000,0.000,0.000,0.000,0.000,0.000,0.000,0.000,0.759,0.132,0.000,0.000,0.000
0.000,0.000,0.000,0.000,0.000,0.000,0.000,0.000,0.000,0.925,0.014,0.000,0.005,0.002,0.000,0.000,0.001,0.000,0.000,0.052
0.396,0.000,0.000,0.002,0.000,0.000,0.599,0.001,0.000,0.000,0.000,0.001,0.000,0.000,0.000,0.000,0.001,0.000,0.000,0.000
0.000,0.000,0.000,0.000,0.000,0.000,0.000,1.000,0.000,0.000,0.000,0.000,0.000,0.000,0.000,0.000,0.000,0.000,0.000,0.000
0.000,0.000,0.000,0.000,0.000,0.000,0.000,0.000,0.000,0.000,0.000,0.000,0.000,0.000,0.000,0.000,0.000,1.000,0.000,0.000
0.000,0.000,0.000,0.000,0.000,0.000,0.000,0.000,0.000,0.775,0.173,0.000,0.019,0.001,0.000,0.000,0.000,0.000,0.000,0.033
0.000,0.000,0.000,0.000,0.000,0.000,0.000,0.000,0.000,0.001,0.998,0.000,0.001,0.000,0.000,0.000,0.000,0.000,0.000,0.000
0.000,0.000,0.000,0.000,0.000,0.000,0.000,1.000,0.000,0.000,0.000,0.000,0.000,0.000,0.000,0.000,0.000,0.000,0.000,0.000
0.000,0.000,1.000,0.000,0.000,0.000,0.000,0.000,0.000,0.000,0.000,0.000,0.000,0.000,0.000,0.000,0.000,0.000,0.000,0.000
0.000,0.000,0.000,0.000,0.000,0.000,0.000,0.000,0.000,0.000,0.000,0.000,0.000,0.000,1.000,0.000,0.000,0.000,0.000,0.000
0.007,0.199,0.007,0.007,0.000,0.051,0.248,0.007,0.001,0.001,0.001,0.453,0.003,0.000,0.000,0.006,0.007,0.000,0.000,0.001
0.000,0.000,0.000,0.000,1.000,0.000,0.000,0.000,0.000,0.000,0.000,0.000,0.000,0.000,0.000,0.000,0.000,0.000,0.000,0.000
0.000,0.000,0.000,1.000,0.000,0.000,0.000,0.000,0.000,0.000,0.000,0.000,0.000,0.000,0.000,0.000,0.000,0.000,0.000,0.000
0.007,0.047,0.061,0.014,0.000,0.106,0.014,0.002,0.047,0.079,0.342,0.075,0.045,0.027,0.003,0.052,0.031,0.000,0.014,0.034
0.000,0.000,0.000,0.000,0.000,0.000,0.000,0.000,0.000,0.003,0.990,0.000,0.004,0.003,0.000,0.000,0.000,0.000,0.000,0.000
0.037,0.008,0.056,0.004,0.000,0.014,0.002,0.004,0.002,0.159,0.136,0.018,0.038,0.008,0.006,0.236,0.215,0.000,0.001,0.056
0.065,0.001,0.001,0.004,0.000,0.000,0.008,0.891,0.000,0.001,0.000,0.001,0.000,0.000,0.000,0.015,0.002,0.000,0.000,0.010
0.005,0.130,0.018,0.001,0.000,0.530,0.014,0.002,0.020,0.000,0.003,0.117,0.000,0.000,0.086,0.061,0.012,0.000,0.000,0.000
0.049,0.005,0.077,0.071,0.000,0.003,0.281,0.062,0.000,0.000,0.000,0.021,0.000,0.000,0.003,0.409,0.016,0.000,0.000,0.000
0.000,0.000,0.000,0.000,0.000,0.000,0.000,0.000,0.000,0.000,0.000,0.000,0.000,0.000,0.000,0.000,0.000,1.000,0.000,0.000
0.000,0.000,0.000,0.000,0.000,0.000,0.000,0.000,0.000,0.000,0.000,0.000,0.000,0.000,0.000,1.000,0.000,0.000,0.000,0.000
0.000,0.000,0.000,0.000,0.000,0.000,0.000,0.000,0.000,0.000,0.000,0.000,0.000,0.000,0.000,0.000,0.000,0.000,1.000,0.000
0.000,0.000,0.000,0.000,0.000,0.000,0.000,0.000,0.000,0.999,0.000,0.000,0.000,0.000,0.000,0.000,0.000,0.000,0.000,0.001
0.000,0.000,0.000,0.000,0.000,0.000,0.000,0.000,0.000,0.003,0.000,0.000,0.000,0.000,0.000,0.000,0.000,0.000,0.000,0.997
0.000,0.000,0.000,0.000,0.000,0.000,1.000,0.000,0.000,0.000,0.000,0.000,0.000,0.000,0.000,0.000,0.000,0.000,0.000,0.000
0.000,0.625,0.000,0.000,0.000,0.000,0.000,0.000,0.000,0.000,0.000,0.375,0.000,0.000,0.000,0.000,0.000,0.000,0.000,0.000
0.002,0.000,0.001,0.001,0.000,0.000,0.001,0.000,0.000,0.000,0.000,0.000,0.000,0.000,0.962,0.030,0.001,0.000,0.000,0.000
0.000,0.000,0.890,0.080,0.000,0.000,0.001,0.000,0.000,0.000,0.000,0.002,0.000,0.000,0.000,0.021,0.004,0.000,0.000,0.000
0.954,0.000,0.000,0.000,0.000,0.000,0.000,0.000,0.000,0.000,0.000,0.000,0.000,0.000,0.007,0.034,0.004,0.000,0.000,0.000
0.307,0.013,0.042,0.017,0.000,0.114,0.048,0.006,0.007,0.025,0.010,0.044,0.005,0.000,0.012,0.066,0.224,0.000,0.000,0.060
0.000,0.000,0.987,0.012,0.000,0.000,0.000,0.000,0.000,0.000,0.000,0.000,0.000,0.000,0.000,0.001,0.000,0.000,0.000,0.000
0.000,0.000,0.000,0.000,0.000,0.000,0.000,0.999,0.000,0.000,0.000,0.000,0.000,0.000,0.000,0.000,0.000,0.000,0.000,0.000
0.000,0.000,0.000,0.000,1.000,0.000,0.000,0.000,0.000,0.000,0.000,0.000,0.000,0.000,0.000,0.000,0.000,0.000,0.000,0.000
0.000,0.000,0.000,0.000,0.000,0.000,0.000,0.000,0.000,0.000,0.000,0.000,0.000,0.000,0.000,0.000,0.000,0.000,1.000,0.000
0.000,0.000,0.000,0.000,0.000,0.000,0.000,0.000,0.000,0.000,0.000,0.000,0.000,0.000,1.000,0.000,0.000,0.000,0.000,0.000
0.000,0.000,0.000,0.000,0.000,0.000,0.000,1.000,0.000,0.000,0.000,0.000,0.000,0.000,0.000,0.000,0.000,0.000,0.000,0.000
0.030,0.001,0.417,0.310,0.000,0.001,0.030,0.005,0.001,0.003,0.000,0.012,0.000,0.000,0.000,0.054,0.131,0.000,0.000,0.004
0.000,0.000,0.000,0.000,0.000,0.000,0.000,0.000,0.000,0.032,0.758,0.000,0.003,0.201,0.000,0.000,0.000,0.000,0.000,0.005
0.006,0.009,0.579,0.189,0.000,0.003,0.055,0.003,0.001,0.001,0.000,0.103,0.000,0.000,0.000,0.026,0.025,0.000,0.000,0.001
0.000,0.000,0.032,0.946,0.000,0.000,0.020,0.000,0.000,0.000,0.000,0.001,0.000,0.000,0.000,0.000,0.000,0.000,0.000,0.000
0.005,0.002,0.013,0.011,0.000,0.007,0.012,0.001,0.035,0.049,0.027,0.003,0.032,0.050,0.000,0.016,0.022,0.000,0.663,0.052
0.000,0.000,0.000,0.000,0.000,0.000,1.000,0.000,0.000,0.000,0.000,0.000,0.000,0.000,0.000,0.000,0.000,0.000,0.000,0.000
0.000,0.000,0.000,0.000,0.000,0.000,1.000,0.000,0.000,0.000,0.000,0.000,0.000,0.000,0.000,0.000,0.000,0.000,0.000,0.000
0.000,0.000,0.000,0.000,0.000,0.000,0.000,0.000,0.000,0.000,1.000,0.000,0.000,0.000,0.000,0.000,0.000,0.000,0.000,0.000
0.000,0.517,0.000,0.000,0.000,0.000,0.000,0.000,0.000,0.000,0.000,0.483,0.000,0.000,0.000,0.000,0.000,0.000,0.000,0.000
0.134,0.001,0.003,0.003,0.000,0.081,0.027,0.001,0.622,0.000,0.000,0.003,0.000,0.000,0.002,0.112,0.008,0.000,0.000,0.000
0.000,0.000,0.000,0.000,0.000,0.002,0.000,0.000,0.000,0.005,0.981,0.000,0.006,0.004,0.000,0.000,0.000,0.000,0.000,0.001
0.000,0.000,0.000,0.000,0.000,0.000,0.000,0.000,0.000,0.128,0.695,0.000,0.005,0.166,0.000,0.000,0.000,0.000,0.000,0.005
0.000,0.000,0.000,0.000,0.000,0.000,0.000,0.008,0.000,0.000,0.000,0.000,0.000,0.000,0.000,0.991,0.000,0.000,0.000,0.000
0.000,0.000,0.001,0.000,0.000,0.000,0.000,0.001,0.000,0.000,0.000,0.000,0.000,0.000,0.000,0.998,0.000,0.000,0.000,0.000
0.012,0.000,0.000,0.000,0.000,0.000,0.000,0.000,0.000,0.049,0.000,0.000,0.001,0.000,0.000,0.000,0.001,0.000,0.000,0.937
0.020,0.009,0.393,0.261,0.000,0.003,0.091,0.033,0.001,0.000,0.000,0.050,0.000,0.000,0.001,0.110,0.028,0.000,0.000,0.000
0.000,0.006,0.004,0.000,0.000,0.001,0.000,0.000,0.005,0.000,0.000,0.000,0.000,0.000,0.000,0.984,0.000,0.000,0.000,0.000
0.000,0.000,0.000,0.000,0.000,0.000,0.000,0.000,0.000,0.011,0.020,0.000,0.001,0.961,0.000,0.000,0.000,0.000,0.003,0.004
0.000,0.000,0.000,0.000,0.000,0.000,1.000,0.000,0.000,0.000,0.000,0.000,0.000,0.000,0.000,0.000,0.000,0.000,0.000,0.000
0.000,0.000,0.000,0.000,0.000,0.000,0.000,0.000,0.000,0.000,0.002,0.000,0.000,0.998,0.000,0.000,0.000,0.000,0.000,0.000
0.000,0.000,0.000,0.000,0.000,0.000,0.000,0.000,0.000,0.000,0.000,0.000,0.000,0.000,0.996,0.003,0.000,0.000,0.000,0.000
0.000,0.265,0.002,0.000,0.000,0.004,0.006,0.000,0.000,0.000,0.000,0.721,0.000,0.000,0.000,0.000,0.001,0.000,0.000,0.000
0.056,0.008,0.261,0.202,0.000,0.008,0.061,0.020,0.015,0.015,0.006,0.030,0.003,0.009,0.009,0.144,0.118,0.000,0.025,0.011
0.034,0.001,0.043,0.003,0.000,0.000,0.002,0.007,0.000,0.000,0.000,0.001,0.000,0.000,0.003,0.874,0.030,0.000,0.000,0.000
0.133,0.003,0.029,0.001,0.000,0.002,0.001,0.001,0.000,0.006,0.001,0.006,0.001,0.000,0.002,0.303,0.507,0.000,0.000,0.003
0.000,0.000,0.000,0.000,0.000,0.000,0.000,0.000,0.000,0.000,0.000,0.000,0.000,0.000,0.000,0.000,0.000,1.000,0.000,0.000
0.239,0.001,0.022,0.002,0.000,0.001,0.002,0.004,0.000,0.004,0.000,0.003,0.000,0.000,0.049,0.248,0.423,0.000,0.000,0.003
0.004,0.003,0.375,0.140,0.000,0.001,0.009,0.336,0.000,0.000,0.000,0.007,0.000,0.000,0.000,0.120,0.004,0.000,0.000,0.000
0.009,0.001,0.062,0.594,0.000,0.005,0.020,0.003,0.266,0.003,0.000,0.002,0.000,0.000,0.000,0.004,0.005,0.000,0.006,0.020
0.161,0.004,0.099,0.068,0.000,0.003,0.091,0.017,0.000,0.005,0.000,0.035,0.001,0.000,0.001,0.051,0.458,0.000,0.000,0.006
0.059,0.008,0.249,0.018,0.000,0.008,0.004,0.002,0.017,0.013,0.002,0.036,0.002,0.003,0.001,0.168,0.388,0.001,0.014,0.005
0.072,0.001,0.111,0.009,0.000,0.001,0.002,0.016,0.000,0.001,0.000,0.003,0.000,0.000,0.002,0.582,0.198,0.000,0.000,0.001
0.000,0.000,0.000,0.000,0.000,0.000,0.000,1.000,0.000,0.000,0.000,0.000,0.000,0.000,0.000,0.000,0.000,0.000,0.000,0.000
0.013,0.000,0.000,0.000,0.000,0.000,0.000,0.000,0.000,0.189,0.002,0.000,0.008,0.000,0.000,0.000,0.005,0.000,0.000,0.782
0.002,0.000,0.000,0.000,0.000,0.000,0.000,0.000,0.000,0.000,0.000,0.000,0.000,0.000,0.000,0.030,0.967,0.000,0.000,0.000
0.216,0.011,0.048,0.004,0.000,0.002,0.004,0.012,0.000,0.001,0.000,0.017,0.000,0.000,0.003,0.607,0.074,0.000,0.000,0.001
1.000,0.000,0.000,0.000,0.000,0.000,0.000,0.000,0.000,0.000,0.000,0.000,0.000,0.000,0.000,0.000,0.000,0.000,0.000,0.000
0.000,0.000,0.000,0.000,1.000,0.000,0.000,0.000,0.000,0.000,0.000,0.000,0.000,0.000,0.000,0.000,0.000,0.000,0.000,0.000
0.002,0.001,0.001,0.000,0.000,0.003,0.001,0.000,0.001,0.000,0.000,0.002,0.000,0.000,0.954,0.033,0.002,0.000,0.000,0.000
0.000,0.000,0.000,0.000,0.000,0.000,0.000,0.000,0.012,0.000,0.000,0.000,0.000,0.004,0.000,0.000,0.000,0.000,0.984,0.000
0.051,0.005,0.344,0.071,0.000,0.002,0.010,0.068,0.005,0.001,0.000,0.014,0.000,0.000,0.001,0.383,0.044,0.000,0.001,0.001
0.000,0.000,0.000,0.001,0.000,0.000,0.000,0.994,0.000,0.000,0.000,0.000,0.000,0.000,0.000,0.004,0.000,0.000,0.000,0.000
0.109,0.024,0.036,0.021,0.000,0.002,0.027,0.563,0.000,0.000,0.000,0.023,0.000,0.000,0.001,0.173,0.020,0.000,0.000,0.001
0.007,0.001,0.123,0.007,0.000,0.000,0.001,0.004,0.000,0.000,0.000,0.001,0.000,0.000,0.089,0.754,0.011,0.000,0.000,0.000
0.000,0.000,0.000,0.000,0.000,0.000,0.000,0.000,0.000,0.000,0.000,0.000,0.000,0.000,0.000,1.000,0.000,0.000,0.000,0.000
0.000,0.000,0.000,0.000,0.000,0.000,0.000,0.000,0.000,0.000,0.000,0.000,0.000,1.000,0.000,0.000,0.000,0.000,0.000,0.000
0.000,0.000,0.000,0.000,0.000,0.000,0.000,0.000,0.000,0.000,0.000,0.000,0.000,0.006,0.000,0.000,0.000,0.000,0.994,0.000
0.000,0.999,0.000,0.000,0.000,0.000,0.000,0.000,0.000,0.000,0.000,0.001,0.000,0.000,0.000,0.000,0.000,0.000,0.000,0.000
0.000,0.000,0.998,0.001,0.000,0.000,0.000,0.000,0.000,0.000,0.000,0.000,0.000,0.000,0.000,0.001,0.000,0.000,0.000,0.000
0.000,0.000,0.000,0.000,0.000,0.000,0.000,0.000,0.000,0.003,0.277,0.000,0.719,0.000,0.000,0.000,0.000,0.000,0.000,0.001
0.001,0.001,0.000,0.000,0.000,0.002,0.000,0.000,0.000,0.280,0.417,0.001,0.080,0.003,0.000,0.001,0.003,0.000,0.000,0.211
0.000,0.000,0.000,0.000,0.000,0.000,0.000,0.000,0.000,0.000,0.000,0.000,0.000,0.000,0.000,0.000,0.000,1.000,0.000,0.000
0.000,0.000,0.000,0.000,0.000,0.000,0.000,0.000,0.000,0.010,0.989,0.000,0.001,0.000,0.000,0.000,0.000,0.000,0.000,0.000
0.000,0.000,0.000,0.000,0.000,0.000,0.000,0.000,0.000,0.861,0.001,0.000,0.003,0.000,0.000,0.000,0.005,0.000,0.000,0.130
0.000,0.294,0.005,0.000,0.000,0.047,0.008,0.000,0.006,0.000,0.000,0.637,0.000,0.000,0.000,0.000,0.001,0.000,0.000,0.000
0.000,0.081,0.000,0.000,0.000,0.001,0.001,0.000,0.000,0.000,0.000,0.917,0.000,0.000,0.000,0.000,0.000,0.000,0.000,0.000
0.010,0.001,0.036,0.013,0.000,0.000,0.003,0.616,0.000,0.000,0.000,0.001,0.000,0.000,0.001,0.317,0.003,0.000,0.000,0.000
0.011,0.001,0.533,0.304,0.000,0.000,0.009,0.021,0.000,0.000,0.000,0.005,0.000,0.000,0.000,0.106,0.011,0.000,0.000,0.000
0.329,0.003,0.054,0.017,0.000,0.003,0.029,0.007,0.001,0.001,0.000,0.014,0.000,0.000,0.043,0.335,0.160,0.000,0.000,0.002
0.000,0.000,0.000,0.000,0.000,0.000,0.000,0.000,0.000,0.000,0.000,0.000,0.000,0.000,0.000,0.000,0.000,0.000,1.000,0.000
0.000,0.000,0.000,0.000,0.000,0.000,0.000,0.000,0.000,0.000,0.000,0.000,0.000,0.000,1.000,0.000,0.000,0.000,0.000,0.000
0.018,0.001,0.000,0.000,0.000,0.001,0.000,0.000,0.000,0.392,0.051,0.002,0.062,0.004,0.000,0.002,0.047,0.000,0.000,0.420
0.000,0.000,0.000,0.000,0.000,0.000,0.000,0.000,0.000,0.760,0.078,0.000,0.026,0.001,0.000,0.000,0.002,0.000,0.000,0.133
0.000,0.137,0.014,0.001,0.000,0.004,0.009,0.000,0.000,0.000,0.000,0.829,0.000,0.000,0.000,0.002,0.002,0.000,0.000,0.000
0.003,0.287,0.007,0.005,0.000,0.004,0.033,0.510,0.000,0.000,0.000,0.138,0.000,0.000,0.000,0.011,0.001,0.000,0.000,0.000
0.015,0.000,0.004,0.000,0.000,0.000,0.000,0.000,0.000,0.000,0.000,0.000,0.000,0.000,0.000,0.094,0.886,0.000,0.000,0.000
0.000,0.000,0.000,0.000,0.000,0.000,0.000,0.000,0.000,0.000,0.000,0.000,0.000,0.000,0.000,0.000,0.000,0.000,1.000,0.000
0.014,0.004,0.661,0.059,0.000,0.001,0.003,0.001,0.001,0.005,0.000,0.024,0.000,0.000,0.000,0.064,0.159,0.000,0.000,0.002
0.000,0.000,1.000,0.000,0.000,0.000,0.000,0.000,0.000,0.000,0.000,0.000,0.000,0.000,0.000,0.000,0.000,0.000,0.000,0.000
0.000,0.000,0.007,0.000,0.000,0.000,0.000,0.000,0.000,0.000,0.000,0.000,0.000,0.000,0.000,0.000,0.992,0.000,0.000,0.000
0.006,0.254,0.121,0.044,0.000,0.007,0.059,0.122,0.001,0.000,0.000,0.317,0.000,0.000,0.000,0.059,0.008,0.000,0.000,0.000
0.003,0.002,0.011,0.028,0.000,0.000,0.008,0.920,0.000,0.000,0.000,0.002,0.000,0.000,0.000,0.027,0.000,0.000,0.000,0.000
0.001,0.215,0.003,0.002,0.000,0.210,0.115,0.001,0.002,0.000,0.000,0.447,0.000,0.000,0.000,0.001,0.001,0.000,0.000,0.000
0.002,0.000,0.013,0.671,0.000,0.003,0.291,0.002,0.001,0.000,0.000,0.003,0.000,0.000,0.009,0.004,0.001,0.000,0.000,0.000
0.000,0.000,0.000,0.000,0.000,0.000,0.000,0.000,0.000,0.544,0.005,0.000,0.047,0.000,0.000,0.000,0.000,0.000,0.000,0.405
0.000,0.000,0.000,0.000,0.000,0.000,0.000,0.000,0.000,0.000,1.000,0.000,0.000,0.000,0.000,0.000,0.000,0.000,0.000,0.000
0.000,0.000,0.000,0.000,0.000,0.000,0.000,0.000,0.000,0.517,0.013,0.000,0.042,0.184,0.000,0.000,0.001,0.000,0.094,0.149
0.000,0.000,0.000,0.000,0.000,0.000,0.000,0.000,0.000,0.133,0.671,0.000,0.030,0.130,0.000,0.000,0.000,0.000,0.001,0.034
0.000,0.000,0.000,0.000,0.000,0.000,0.000,0.000,0.000,0.000,0.000,0.000,0.000,0.000,0.000,0.000,0.000,1.000,0.000,0.000
0.000,0.000,0.000,0.000,0.000,0.000,0.000,1.000,0.000,0.000,0.000,0.000,0.000,0.000,0.000,0.000,0.000,0.000,0.000,0.000
0.000,0.000,0.000,0.000,0.000,0.000,0.000,0.000,0.000,0.419,0.000,0.000,0.001,0.000,0.000,0.000,0.000,0.000,0.000,0.579
0.000,0.000,0.000,0.000,0.000,0.000,0.000,0.000,1.000,0.000,0.000,0.000,0.000,0.000,0.000,0.000,0.000,0.000,0.000,0.000
0.000,0.000,0.000,0.000,0.000,0.000,0.000,0.000,1.000,0.000,0.000,0.000,0.000,0.000,0.000,0.000,0.000,0.000,0.000,0.000
0.000,0.000,0.000,0.000,0.000,0.000,0.000,0.000,0.000,0.000,0.000,0.000,0.000,0.000,1.000,0.000,0.000,0.000,0.000,0.000
0.001,0.000,0.002,0.000,0.000,0.000,0.000,0.000,0.000,0.000,0.000,0.000,0.000,0.000,0.970,0.025,0.002,0.000,0.000,0.000
0.016,0.000,0.359,0.503,0.000,0.000,0.019,0.005,0.000,0.000,0.000,0.004,0.000,0.000,0.000,0.037,0.056,0.000,0.000,0.000
0.337,0.003,0.056,0.026,0.000,0.002,0.060,0.008,0.000,0.005,0.001,0.012,0.001,0.000,0.002,0.197,0.283,0.000,0.000,0.007
0.302,0.003,0.034,0.006,0.000,0.002,0.007,0.002,0.000,0.012,0.000,0.015,0.002,0.000,0.000,0.042,0.560,0.000,0.000,0.015
0.000,0.000,0.000,0.004,0.000,0.000,0.996,0.000,0.000,0.000,0.000,0.000,0.000,0.000,0.000,0.000,0.000,0.000,0.000,0.000
0.000,0.000,0.000,0.000,0.000,1.000,0.000,0.000,0.000,0.000,0.000,0.000,0.000,0.000,0.000,0.000,0.000,0.000,0.000,0.000
0.031,0.095,0.088,0.007,0.000,0.308,0.012,0.002,0.010,0.002,0.001,0.196,0.001,0.000,0.001,0.045,0.198,0.000,0.000,0.002
0.025,0.006,0.486,0.072,0.000,0.002,0.010,0.003,0.001,0.001,0.000,0.035,0.000,0.000,0.001,0.128,0.230,0.000,0.000,0.001
0.000,0.000,0.000,0.000,0.000,0.000,0.000,0.000,0.000,0.000,1.000,0.000,0.000,0.000,0.000,0.000,0.000,0.000,0.000,0.000
0.000,0.000,0.000,0.000,0.000,0.000,0.000,0.000,0.000,0.000,0.000,0.000,0.000,0.000,0.000,0.000,0.000,0.000,1.000,0.000
0.004,0.286,0.009,0.004,0.000,0.354,0.062,0.044,0.004,0.000,0.000,0.219,0.000,0.000,0.000,0.010,0.003,0.000,0.000,0.001
0.003,0.007,0.746,0.037,0.000,0.002,0.003,0.002,0.001,0.001,0.000,0.031,0.000,0.000,0.000,0.140,0.027,0.000,0.000,0.000
0.351,0.002,0.018,0.024,0.000,0.001,0.028,0.395,0.000,0.001,0.000,0.004,0.000,0.000,0.004,0.137,0.028,0.000,0.000,0.007
0.002,0.000,0.458,0.500,0.000,0.000,0.007,0.006,0.000,0.000,0.000,0.002,0.000,0.000,0.000,0.019,0.007,0.000,0.000,0.000
0.115,0.024,0.007,0.000,0.000,0.002,0.001,0.002,0.000,0.001,0.000,0.033,0.000,0.000,0.001,0.184,0.629,0.000,0.000,0.000
0.000,0.000,0.000,0.000,0.000,0.000,0.000,0.000,0.000,0.000,0.000,0.000,0.000,0.000,0.000,0.000,0.000,0.000,0.999,0.000
0.000,0.000,0.000,0.000,0.000,0.000,0.000,0.000,0.000,0.025,0.000,0.000,0.000,0.000,0.000,0.000,0.000,0.000,0.000,0.974
0.003,0.007,0.001,0.000,0.000,0.000,0.000,0.001,0.000,0.000,0.000,0.001,0.000,0.000,0.000,0.984,0.003,0.000,0.000,0.000
0.000,0.000,0.000,0.000,0.000,0.000,0.000,0.000,0.000,0.007,0.000,0.000,0.011,0.000,0.000,0.000,0.000,0.000,0.000,0.981
0.001,0.000,0.000,0.001,0.000,0.000,0.001,0.996,0.000,0.000,0.000,0.000,0.000,0.000,0.000,0.002,0.000,0.000,0.000,0.000
0.000,0.000,0.000,0.000,0.000,0.000,0.000,0.000,0.000,0.000,0.000,0.000,0.000,0.000,0.000,0.001,0.999,0.000,0.000,0.000
0.011,0.003,0.019,0.045,0.000,0.002,0.831,0.017,0.000,0.000,0.000,0.018,0.000,0.000,0.001,0.049,0.003,0.000,0.000,0.000
0.062,0.012,0.187,0.013,0.000,0.003,0.009,0.006,0.001,0.002,0.000,0.039,0.000,0.000,0.002,0.394,0.269,0.000,0.000,0.001
0.000,0.000,0.000,0.000,0.000,0.000,0.000,0.000,0.000,0.017,0.132,0.000,0.205,0.040,0.000,0.000,0.000,0.000,0.602,0.002
0.000,0.000,0.999,0.001,0.000,0.000,0.000,0.000,0.000,0.000,0.000,0.000,0.000,0.000,0.000,0.000,0.000,0.000,0.000,0.000
0.000,0.568,0.000,0.000,0.000,0.016,0.000,0.000,0.001,0.000,0.001,0.409,0.000,0.002,0.000,0.002,0.000,0.000,0.000,0.000
0.049,0.597,0.004,0.000,0.000,0.006,0.004,0.005,0.001,0.000,0.000,0.189,0.000,0.000,0.000,0.116,0.028,0.000,0.000,0.000
0.000,0.000,0.000,0.000,0.000,0.000,0.000,0.000,0.000,0.000,0.002,0.004,0.000,0.969,0.000,0.023,0.000,0.000,0.001,0.000
0.138,0.013,0.037,0.003,0.000,0.004,0.006,0.011,0.001,0.050,0.005,0.025,0.006,0.001,0.001,0.140,0.521,0.000,0.000,0.039
0.000,0.000,0.000,0.000,0.000,0.000,0.000,0.000,0.000,0.000,0.000,0.000,0.000,0.000,1.000,0.000,0.000,0.000,0.000,0.000
0.000,0.000,0.000,0.004,0.000,0.000,0.995,0.000,0.000,0.000,0.000,0.001,0.000,0.000,0.000,0.000,0.000,0.000,0.000,0.000
0.000,0.000,0.000,0.000,0.000,0.000,0.000,0.000,0.000,0.999,0.000,0.000,0.000,0.000,0.000,0.000,0.000,0.000,0.000,0.001
0.995,0.000,0.000,0.000,0.000,0.000,0.000,0.004,0.000,0.000,0.000,0.000,0.000,0.000,0.000,0.000,0.000,0.000,0.000,0.000
0.670,0.000,0.001,0.000,0.000,0.000,0.000,0.000,0.000,0.001,0.000,0.000,0.000,0.000,0.001,0.008,0.316,0.000,0.000,0.001
0.000,1.000,0.000,0.000,0.000,0.000,0.000,0.000,0.000,0.000,0.000,0.000,0.000,0.000,0.000,0.000,0.000,0.000,0.000,0.000
0.000,0.000,0.000,0.000,0.000,0.000,0.000,0.000,0.000,0.000,0.000,0.000,0.000,0.000,1.000,0.000,0.000,0.000,0.000,0.000
0.034,0.202,0.016,0.002,0.000,0.052,0.035,0.005,0.002,0.003,0.003,0.539,0.003,0.000,0.031,0.027,0.040,0.001,0.000,0.003
0.000,0.000,0.000,0.000,0.000,0.000,0.000,0.000,0.000,0.001,0.000,0.000,0.000,0.000,0.000,0.000,0.000,0.000,0.000,0.999
0.000,0.000,0.996,0.001,0.000,0.000,0.000,0.000,0.000,0.000,0.000,0.002,0.000,0.000,0.000,0.000,0.000,0.000,0.000,0.000
0.000,0.000,0.000,0.000,0.000,0.000,0.000,1.000,0.000,0.000,0.000,0.000,0.000,0.000,0.000,0.000,0.000,0.000,0.000,0.000
0.000,0.000,0.000,0.000,0.000,1.000,0.000,0.000,0.000,0.000,0.000,0.000,0.000,0.000,0.000,0.000,0.000,0.000,0.000,0.000
0.071,0.395,0.021,0.002,0.000,0.070,0.018,0.033,0.004,0.001,0.001,0.213,0.000,0.000,0.002,0.133,0.037,0.000,0.000,0.001
0.000,0.000,0.000,0.000,0.000,0.000,0.000,1.000,0.000,0.000,0.000,0.000,0.000,0.000,0.000,0.000,0.000,0.000,0.000,0.000
0.000,1.000,0.000,0.000,0.000,0.000,0.000,0.000,0.000,0.000,0.000,0.000,0.000,0.000,0.000,0.000,0.000,0.000,0.000,0.000
0.000,0.000,0.000,0.000,0.000,0.000,0.000,0.000,0.000,0.015,0.000,0.000,0.985,0.000,0.000,0.000,0.000,0.000,0.000,0.000
0.000,0.000,0.023,0.968,0.000,0.000,0.009,0.000,0.000,0.000,0.000,0.000,0.000,0.000,0.000,0.000,0.000,0.000,0.000,0.000
0.000,0.000,0.000,0.000,0.000,0.000,0.000,0.000,0.000,0.000,0.000,0.000,0.000,0.300,0.000,0.000,0.000,0.000,0.699,0.000
0.000,0.000,0.000,0.000,0.000,0.000,0.000,0.000,0.000,0.000,0.000,0.000,0.000,0.002,0.000,0.000,0.000,0.000,0.998,0.000
0.000,0.000,0.000,0.000,0.000,0.000,0.000,0.000,0.000,0.000,0.000,0.000,0.000,0.000,0.000,0.000,0.000,1.000,0.000,0.000
0.019,0.000,0.003,0.000,0.000,0.000,0.000,0.000,0.000,0.000,0.000,0.000,0.000,0.000,0.000,0.090,0.887,0.000,0.000,0.000
0.000,0.000,0.000,0.000,0.000,0.000,0.000,0.000,0.000,0.540,0.112,0.000,0.024,0.000,0.000,0.000,0.000,0.000,0.000,0.323
0.000,0.000,0.000,0.000,0.000,0.000,0.000,0.000,0.000,0.004,0.988,0.000,0.007,0.000,0.000,0.000,0.000,0.000,0.000,0.001
0.000,0.056,0.001,0.001,0.000,0.004,0.102,0.000,0.000,0.000,0.000,0.834,0.000,0.000,0.000,0.000,0.000,0.000,0.000,0.000
0.000,0.000,0.000,0.000,0.000,0.000,0.000,0.000,0.000,0.000,0.000,0.000,0.000,0.000,1.000,0.000,0.000,0.000,0.000,0.000
0.000,0.000,0.000,0.000,0.000,0.000,0.000,1.000,0.000,0.000,0.000,0.000,0.000,0.000,0.000,0.000,0.000,0.000,0.000,0.000
0.000,0.000,0.000,0.126,0.000,0.000,0.874,0.000,0.000,0.000,0.000,0.000,0.000,0.000,0.000,0.000,0.000,0.000,0.000,0.000
0.153,0.000,0.003,0.000,0.000,0.000,0.000,0.000,0.000,0.004,0.000,0.001,0.000,0.000,0.000,0.014,0.821,0.000,0.000,0.003
0.000,0.000,0.000,0.000,0.000,0.000,0.000,0.000,0.000,0.933,0.060,0.000,0.003,0.000,0.000,0.000,0.000,0.000,0.000,0.004
0.001,0.000,0.651,0.002,0.000,0.000,0.000,0.000,0.000,0.000,0.000,0.005,0.000,0.000,0.000,0.010,0.330,0.000,0.000,0.000
0.000,0.000,0.000,0.000,0.000,0.000,0.000,0.000,0.000,0.004,0.001,0.000,0.000,0.990,0.000,0.000,0.000,0.000,0.000,0.005
0.000,0.000,0.000,0.000,0.000,0.000,0.998,0.000,0.000,0.000,0.000,0.002,0.000,0.000,0.000,0.000,0.000,0.000,0.000,0.000
0.002,0.000,0.000,0.000,0.000,0.000,0.000,0.000,0.000,0.000,0.000,0.000,0.000,0.000,0.000,0.997,0.000,0.000,0.000,0.000
0.000,0.000,0.972,0.001,0.000,0.000,0.000,0.000,0.000,0.000,0.000,0.001,0.000,0.000,0.000,0.003,0.023,0.000,0.000,0.000
0.000,0.000,0.000,0.000,0.000,0.000,0.000,1.000,0.000,0.000,0.000,0.000,0.000,0.000,0.000,0.000,0.000,0.000,0.000,0.000
0.000,0.000,0.996,0.002,0.000,0.000,0.000,0.000,0.000,0.000,0.000,0.000,0.000,0.000,0.000,0.001,0.000,0.000,0.000,0.000
0.000,0.000,0.000,0.000,0.000,0.000,0.000,0.000,0.000,0.000,0.999,0.000,0.000,0.001,0.000,0.000,0.000,0.000,0.000,0.000
0.000,0.000,0.000,0.000,0.000,0.000,0.000,0.000,0.000,0.943,0.001,0.000,0.001,0.000,0.000,0.000,0.000,0.000,0.000,0.056
1.000,0.000,0.000,0.000,0.000,0.000,0.000,0.000,0.000,0.000,0.000,0.000,0.000,0.000,0.000,0.000,0.000,0.000,0.000,0.000
0.000,0.000,0.000,0.000,0.000,0.000,0.000,0.000,0.000,0.000,0.000,0.000,0.000,0.000,1.000,0.000,0.000,0.000,0.000,0.000
0.000,0.733,0.000,0.000,0.000,0.001,0.019,0.001,0.000,0.000,0.000,0.069,0.000,0.000,0.000,0.000,0.000,0.176,0.000,0.000
0.000,0.000,0.000,0.000,0.000,0.000,0.000,0.000,0.000,0.000,0.000,0.000,0.000,0.000,0.000,0.000,0.000,0.000,1.000,0.000
0.998,0.000,0.000,0.000,0.000,0.000,0.000,0.001,0.000,0.000,0.000,0.000,0.000,0.000,0.000,0.000,0.000,0.000,0.000,0.000
0.000,0.000,0.000,0.000,0.000,0.000,0.000,0.000,0.000,0.000,0.000,0.000,0.000,0.080,0.000,0.000,0.000,0.000,0.919,0.000
0.002,0.026,0.000,0.000,0.000,0.001,0.006,0.000,0.000,0.000,0.000,0.961,0.001,0.000,0.000,0.000,0.004,0.000,0.000,0.000
0.000,0.000,0.000,0.000,0.000,0.000,0.000,0.000,0.000,0.110,0.803,0.000,0.011,0.071,0.000,0.000,0.000,0.000,0.000,0.005
0.078,0.017,0.264,0.023,0.000,0.005,0.009,0.006,0.001,0.015,0.002,0.057,0.002,0.001,0.002,0.271,0.237,0.000,0.000,0.011
0.004,0.351,0.088,0.014,0.000,0.018,0.030,0.033,0.002,0.001,0.000,0.401,0.000,0.000,0.000,0.045,0.011,0.000,0.000,0.000
0.001,0.000,0.001,0.003,0.000,0.000,0.001,0.979,0.000,0.000,0.000,0.000,0.000,0.000,0.000,0.015,0.000,0.000,0.000,0.000
0.006,0.071,0.222,0.179,0.000,0.005,0.165,0.106,0.001,0.000,0.000,0.189,0.000,0.000,0.000,0.047,0.008,0.000,0.000,0.000
0.001,0.000,0.001,0.000,0.000,0.000,0.000,0.156,0.000,0.000,0.000,0.000,0.000,0.000,0.000,0.843,0.000,0.000,0.000,0.000
0.175,0.022,0.001,0.002,0.000,0.000,0.014,0.748,0.000,0.000,0.000,0.012,0.000,0.000,0.000,0.021,0.004,0.000,0.000,0.001
0.000,0.000,0.000,0.000,0.000,0.000,0.000,0.000,0.000,0.988,0.000,0.000,0.001,0.000,0.000,0.000,0.000,0.000,0.000,0.011
0.000,0.000,0.000,0.000,0.000,0.000,0.000,0.000,0.000,0.067,0.272,0.000,0.056,0.599,0.000,0.000,0.000,0.000,0.001,0.004
0.000,0.152,0.000,0.000,0.000,0.001,0.000,0.000,0.000,0.000,0.000,0.845,0.000,0.000,0.000,0.000,0.001,0.000,0.000,0.000
0.000,0.000,0.001,0.000,0.000,0.000,0.000,0.000,0.000,0.000,0.000,0.000,0.000,0.000,0.000,0.998,0.001,0.000,0.000,0.000
0.000,0.000,0.065,0.819,0.000,0.000,0.107,0.003,0.000,0.000,0.000,0.003,0.000,0.000,0.000,0.001,0.000,0.000,0.000,0.000
0.001,0.000,0.000,0.000,0.000,0.002,0.000,0.000,0.000,0.069,0.840,0.000,0.045,0.007,0.000,0.002,0.002,0.000,0.000,0.031
0.001,0.000,0.001,0.000,0.000,0.000,0.001,0.000,0.000,0.000,0.000,0.000,0.000,0.000,0.985,0.010,0.002,0.000,0.000,0.000
0.001,0.000,0.000,0.000,0.000,0.000,0.000,0.000,0.000,0.536,0.085,0.000,0.052,0.006,0.000,0.000,0.003,0.000,0.000,0.316
0.002,0.003,0.003,0.056,0.000,0.002,0.798,0.120,0.001,0.000,0.000,0.011,0.000,0.000,0.000,0.002,0.000,0.000,0.000,0.000
0.000,0.000,0.783,0.170,0.000,0.000,0.002,0.001,0.000,0.000,0.000,0.005,0.000,0.000,0.000,0.033,0.004,0.000,0.000,0.000
0.000,0.000,0.000,0.000,1.000,0.000,0.000,0.000,0.000,0.000,0.000,0.000,0.000,0.000,0.000,0.000,0.000,0.000,0.000,0.000
0.003,0.000,0.325,0.610,0.000,0.000,0.027,0.005,0.000,0.000,0.000,0.004,0.000,0.000,0.000,0.019,0.006,0.000,0.000,0.000
0.033,0.000,0.000,0.000,0.000,0.000,0.000,0.000,0.000,0.000,0.000,0.000,0.000,0.000,0.000,0.000,0.966,0.000,0.000,0.000
0.000,0.019,0.002,0.000,0.000,0.002,0.003,0.000,0.000,0.000,0.000,0.959,0.000,0.000,0.000,0.000,0.014,0.000,0.000,0.000
0.000,0.000,0.000,0.000,1.000,0.000,0.000,0.000,0.000,0.000,0.000,0.000,0.000,0.000,0.000,0.000,0.000,0.000,0.000,0.000
0.000,0.000,0.000,0.000,0.000,1.000,0.000,0.000,0.000,0.000,0.000,0.000,0.000,0.000,0.000,0.000,0.000,0.000,0.000,0.000
0.000,0.000,0.000,0.000,0.000,0.000,0.000,0.000,0.000,0.000,0.000,0.000,0.000,0.000,0.000,0.000,1.000,0.000,0.000,0.000
0.046,0.006,0.013,0.010,0.000,0.022,0.039,0.003,0.005,0.017,0.044,0.016,0.004,0.001,0.580,0.121,0.061,0.000,0.000,0.013
0.220,0.018,0.008,0.003,0.000,0.027,0.017,0.004,0.013,0.149,0.043,0.035,0.054,0.003,0.003,0.039,0.162,0.000,0.002,0.201
0.000,0.000,0.000,0.000,0.000,0.000,0.000,1.000,0.000,0.000,0.000,0.000,0.000,0.000,0.000,0.000,0.000,0.000,0.000,0.000
0.983,0.000,0.000,0.000,0.000,0.000,0.000,0.008,0.000,0.000,0.000,0.000,0.000,0.000,0.000,0.002,0.001,0.000,0.000,0.007
0.000,0.000,0.000,0.000,0.000,0.000,0.000,0.000,0.000,0.996,0.000,0.000,0.001,0.000,0.000,0.000,0.000,0.000,0.000,0.003
0.000,0.000,0.994,0.002,0.000,0.000,0.000,0.000,0.000,0.000,0.000,0.003,0.000,0.000,0.000,0.001,0.000,0.000,0.000,0.000
0.001,0.000,0.000,0.000,0.000,0.000,0.000,0.000,0.000,0.000,0.000,0.000,0.000,0.000,0.000,0.007,0.992,0.000,0.000,0.000
0.001,0.000,0.694,0.005,0.000,0.000,0.000,0.000,0.000,0.000,0.000,0.001,0.000,0.000,0.000,0.290,0.009,0.000,0.000,0.000
0.000,0.173,0.000,0.000,0.000,0.009,0.001,0.000,0.000,0.001,0.016,0.768,0.031,0.000,0.000,0.000,0.001,0.000,0.000,0.000
0.000,0.000,0.000,0.000,0.000,0.000,0.000,0.000,0.000,0.000,0.000,0.000,0.000,0.000,0.996,0.002,0.002,0.000,0.000,0.000
0.000,0.000,0.000,0.000,0.000,0.000,0.000,0.000,0.000,0.000,0.000,0.000,0.000,1.000,0.000,0.000,0.000,0.000,0.000,0.000
0.000,0.000,0.000,0.000,0.000,0.956,0.000,0.000,0.044,0.000,0.000,0.000,0.000,0.000,0.000,0.000,0.000,0.000,0.000,0.000
0.000,0.000,1.000,0.000,0.000,0.000,0.000,0.000,0.000,0.000,0.000,0.000,0.000,0.000,0.000,0.000,0.000,0.000,0.000,0.000
0.000,0.000,0.000,0.000,0.000,0.000,0.000,0.000,0.000,0.495,0.000,0.000,0.001,0.000,0.000,0.000,0.000,0.000,0.000,0.503
0.001,0.001,0.038,0.001,0.000,0.002,0.000,0.000,0.507,0.000,0.000,0.000,0.000,0.000,0.001,0.447,0.001,0.000,0.001,0.000
0.000,0.001,0.000,0.000,0.000,0.001,0.000,0.000,0.000,0.000,0.000,0.001,0.000,0.000,0.994,0.003,0.000,0.000,0.000,0.000
0.001,0.000,0.000,0.000,0.000,0.004,0.000,0.000,0.003,0.155,0.692,0.000,0.023,0.005,0.000,0.002,0.003,0.000,0.001,0.110
0.043,0.000,0.000,0.000,0.000,0.000,0.000,0.000,0.000,0.001,0.000,0.000,0.000,0.000,0.000,0.001,0.950,0.003,0.000,0.001
0.000,0.000,0.000,0.000,0.000,0.000,0.000,0.000,0.000,0.996,0.000,0.000,0.000,0.000,0.000,0.000,0.000,0.000,0.000,0.004
0.000,0.000,0.000,0.000,0.000,0.000,0.000,1.000,0.000,0.000,0.000,0.000,0.000,0.000,0.000,0.000,0.000,0.000,0.000,0.000
0.000,0.000,0.001,0.046,0.000,0.000,0.947,0.001,0.000,0.000,0.000,0.004,0.000,0.000,0.000,0.000,0.000,0.000,0.000,0.000
0.000,0.000,0.000,0.000,1.000,0.000,0.000,0.000,0.000,0.000,0.000,0.000,0.000,0.000,0.000,0.000,0.000,0.000,0.000,0.000
0.000,0.000,0.000,0.000,0.000,0.000,0.000,0.000,0.000,0.000,0.000,0.000,0.000,0.000,1.000,0.000,0.000,0.000,0.000,0.000
0.000,0.000,0.000,0.000,0.000,0.000,0.000,0.000,0.000,0.000,0.000,1.000,0.000,0.000,0.000,0.000,0.000,0.000,0.000,0.000
0.000,0.000,0.000,0.000,0.000,0.000,0.000,0.000,0.000,0.000,0.000,0.000,0.000,0.000,0.000,0.000,0.000,0.000,1.000,0.000
0.000,0.000,0.000,0.000,0.000,0.000,0.000,0.000,0.000,0.001,0.000,0.000,0.000,0.000,0.000,0.000,0.000,0.000,0.000,0.999
0.000,0.016,0.000,0.000,0.000,0.000,0.000,0.000,0.000,0.000,0.000,0.983,0.000,0.000,0.000,0.000,0.000,0.000,0.000,0.000
0.008,0.000,0.001,0.000,0.000,0.000,0.000,0.000,0.000,0.000,0.000,0.000,0.000,0.000,0.000,0.987,0.003,0.000,0.000,0.000
0.005,0.099,0.113,0.069,0.000,0.009,0.205,0.010,0.001,0.000,0.000,0.456,0.000,0.000,0.000,0.010,0.023,0.000,0.000,0.000
0.001,0.028,0.012,0.000,0.000,0.000,0.000,0.001,0.000,0.000,0.000,0.007,0.000,0.000,0.000,0.948,0.003,0.000,0.000,0.000
0.000,0.000,0.000,0.000,0.000,0.000,0.000,0.000,0.000,0.000,1.000,0.000,0.000,0.000,0.000,0.000,0.000,0.000,0.000,0.000
0.000,0.699,0.000,0.000,0.000,0.001,0.000,0.000,0.000,0.000,0.000,0.299,0.000,0.000,0.000,0.000,0.000,0.000,0.000,0.000
0.000,0.000,0.000,0.000,0.000,0.000,0.000,0.000,0.000,0.000,0.999,0.000,0.001,0.000,0.000,0.000,0.000,0.000,0.000,0.000
1.000,0.000,0.000,0.000,0.000,0.000,0.000,0.000,0.000,0.000,0.000,0.000,0.000,0.000,0.000,0.000,0.000,0.000,0.000,0.000
0.000,0.000,0.000,0.000,0.000,0.000,0.000,0.000,0.000,0.000,0.000,0.000,0.000,0.000,0.000,0.000,1.000,0.000,0.000,0.000
0.000,0.000,0.000,0.000,0.000,0.000,0.000,1.000,0.000,0.000,0.000,0.000,0.000,0.000,0.000,0.000,0.000,0.000,0.000,0.000
0.000,0.000,0.000,0.000,0.000,0.000,0.000,0.000,0.000,0.000,1.000,0.000,0.000,0.000,0.000,0.000,0.000,0.000,0.000,0.000
0.000,1.000,0.000,0.000,0.000,0.000,0.000,0.000,0.000,0.000,0.000,0.000,0.000,0.000,0.000,0.000,0.000,0.000,0.000,0.000
0.000,0.000,1.000,0.000,0.000,0.000,0.000,0.000,0.000,0.000,0.000,0.000,0.000,0.000,0.000,0.000,0.000,0.000,0.000,0.000
0.000,0.000,0.000,0.000,0.000,0.000,0.000,0.000,0.000,0.021,0.000,0.000,0.000,0.000,0.000,0.000,0.000,0.000,0.000,0.978
0.000,0.000,0.000,0.000,0.000,0.000,0.000,0.000,0.000,0.000,0.000,0.000,0.000,0.000,1.000,0.000,0.000,0.000,0.000,0.000
0.044,0.003,0.001,0.000,0.000,0.886,0.003,0.000,0.002,0.000,0.000,0.004,0.000,0.000,0.001,0.047,0.008,0.000,0.000,0.000
0.000,0.000,0.000,0.000,0.000,0.000,0.000,0.000,0.000,0.875,0.001,0.000,0.003,0.000,0.000,0.000,0.001,0.000,0.000,0.119
0.001,0.003,0.001,0.001,0.000,0.965,0.019,0.000,0.002,0.000,0.000,0.007,0.000,0.000,0.000,0.001,0.001,0.000,0.000,0.000
0.073,0.001,0.120,0.006,0.000,0.001,0.001,0.004,0.000,0.001,0.000,0.004,0.000,0.000,0.004,0.564,0.219,0.000,0.000,0.001
0.000,1.000,0.000,0.000,0.000,0.000,0.000,0.000,0.000,0.000,0.000,0.000,0.000,0.000,0.000,0.000,0.000,0.000,0.000,0.000
0.000,0.000,0.000,0.000,0.000,0.000,0.000,1.000,0.000,0.000,0.000,0.000,0.000,0.000,0.000,0.000,0.000,0.000,0.000,0.000
0.000,0.000,0.000,0.000,0.000,0.000,0.000,0.000,0.000,0.000,1.000,0.000,0.000,0.000,0.000,0.000,0.000,0.000,0.000,0.000
0.000,0.000,0.000,0.000,0.000,0.000,0.000,0.000,0.000,0.000,0.000,0.000,0.000,1.000,0.000,0.000,0.000,0.000,0.000,0.000
0.000,0.000,0.000,0.000,0.000,0.000,0.000,1.000,0.000,0.000,0.000,0.000,0.000,0.000,0.000,0.000,0.000,0.000,0.000,0.000
1.000,0.000,0.000,0.000,0.000,0.000,0.000,0.000,0.000,0.000,0.000,0.000,0.000,0.000,0.000,0.000,0.000,0.000,0.000,0.000
0.000,0.000,0.000,0.000,0.000,0.000,0.000,0.000,0.000,1.000,0.000,0.000,0.000,0.000,0.000,0.000,0.000,0.000,0.000,0.000
1.000,0.000,0.000,0.000,0.000,0.000,0.000,0.000,0.000,0.000,0.000,0.000,0.000,0.000,0.000,0.000,0.000,0.000,0.000,0.000
0.000,0.000,0.000,0.000,0.000,0.000,0.000,1.000,0.000,0.000,0.000,0.000,0.000,0.000,0.000,0.000,0.000,0.000,0.000,0.000
0.000,0.000,0.000,0.000,0.000,0.000,0.000,0.000,0.000,0.000,0.000,0.000,0.000,1.000,0.000,0.000,0.000,0.000,0.000,0.000
0.000,0.000,0.000,0.000,0.000,0.000,0.000,0.000,0.000,1.000,0.000,0.000,0.000,0.000,0.000,0.000,0.000,0.000,0.000,0.000
0.000,0.000,0.000,0.000,0.000,0.000,1.000,0.000,0.000,0.000,0.000,0.000,0.000,0.000,0.000,0.000,0.000,0.000,0.000,0.000
0.000,0.000,0.000,0.000,0.000,0.000,0.000,1.000,0.000,0.000,0.000,0.000,0.000,0.000,0.000,0.000,0.000,0.000,0.000,0.000
0.000,0.000,0.000,0.000,0.000,0.000,0.000,1.000,0.000,0.000,0.000,0.000,0.000,0.000,0.000,0.000,0.000,0.000,0.000,0.000
0.000,0.000,0.000,0.000,0.000,0.000,0.000,0.000,0.000,0.000,0.000,0.000,0.000,0.000,0.000,0.000,0.000,1.000,0.000,0.000
0.011,0.000,0.001,0.000,0.000,0.034,0.000,0.000,0.001,0.000,0.000,0.002,0.000,0.000,0.050,0.015,0.885,0.000,0.000,0.000
0.000,0.000,0.000,0.000,0.000,0.000,0.000,1.000,0.000,0.000,0.000,0.000,0.000,0.000,0.000,0.000,0.000,0.000,0.000,0.000
0.000,0.000,0.000,0.000,0.000,0.000,0.000,0.000,0.000,0.001,0.008,0.000,0.991,0.000,0.000,0.000,0.000,0.000,0.000,0.000
0.000,0.000,0.000,0.000,0.000,0.000,0.000,0.000,0.000,0.624,0.000,0.000,0.001,0.000,0.000,0.000,0.000,0.000,0.000,0.375
0.000,0.000,0.001,0.999,0.000,0.000,0.000,0.000,0.000,0.000,0.000,0.000,0.000,0.000,0.000,0.000,0.000,0.000,0.000,0.000
0.000,0.000,0.000,0.000,0.000,0.000,0.000,1.000,0.000,0.000,0.000,0.000,0.000,0.000,0.000,0.000,0.000,0.000,0.000,0.000
0.000,0.000,0.000,0.000,0.000,0.000,0.000,0.000,0.000,0.000,0.000,0.000,0.000,0.000,0.000,0.000,0.000,1.000,0.000,0.000
0.000,0.000,0.000,0.000,0.000,0.000,0.000,0.000,0.000,0.000,0.000,0.000,0.000,0.000,0.000,0.000,0.000,0.000,1.000,0.000
0.000,0.000,0.000,0.000,0.000,0.000,0.000,1.000,0.000,0.000,0.000,0.000,0.000,0.000,0.000,0.000,0.000,0.000,0.000,0.000
0.000,0.000,0.000,0.000,0.000,0.000,0.000,0.000,0.000,0.000,0.000,0.000,0.000,0.007,0.000,0.000,0.000,0.000,0.993,0.000
0.000,0.000,0.000,0.000,0.000,0.006,0.000,0.000,0.994,0.000,0.000,0.000,0.000,0.000,0.000,0.000,0.000,0.000,0.000,0.000
0.000,0.000,0.000,0.000,0.000,0.000,0.000,0.000,1.000,0.000,0.000,0.000,0.000,0.000,0.000,0.000,0.000,0.000,0.000,0.000
0.000,0.004,0.000,0.000,0.000,0.963,0.016,0.000,0.001,0.000,0.000,0.008,0.000,0.000,0.000,0.008,0.000,0.000,0.000,0.000
0.000,0.000,1.000,0.000,0.000,0.000,0.000,0.000,0.000,0.000,0.000,0.000,0.000,0.000,0.000,0.000,0.000,0.000,0.000,0.000
0.025,0.000,0.004,0.043,0.000,0.000,0.902,0.005,0.000,0.000,0.000,0.003,0.000,0.000,0.000,0.017,0.001,0.000,0.000,0.000
0.000,0.000,0.000,0.000,0.000,1.000,0.000,0.000,0.000,0.000,0.000,0.000,0.000,0.000,0.000,0.000,0.000,0.000,0.000,0.000
0.000,0.000,0.000,0.000,0.000,0.000,0.000,1.000,0.000,0.000,0.000,0.000,0.000,0.000,0.000,0.000,0.000,0.000,0.000,0.000
0.003,0.000,0.003,0.000,0.000,0.000,0.000,0.000,0.000,0.000,0.000,0.000,0.000,0.000,0.000,0.965,0.028,0.000,0.000,0.000
0.000,0.000,0.000,0.000,0.000,0.000,0.000,1.000,0.000,0.000,0.000,0.000,0.000,0.000,0.000,0.000,0.000,0.000,0.000,0.000
0.000,0.000,0.000,0.000,0.000,0.000,0.000,0.000,0.000,0.001,0.000,0.000,0.002,0.003,0.000,0.000,0.000,0.000,0.993,0.000
1.000,0.000,0.000,0.000,0.000,0.000,0.000,0.000,0.000,0.000,0.000,0.000,0.000,0.000,0.000,0.000,0.000,0.000,0.000,0.000
1.000,0.000,0.000,0.000,0.000,0.000,0.000,0.000,0.000,0.000,0.000,0.000,0.000,0.000,0.000,0.000,0.000,0.000,0.000,0.000
0.000,0.000,0.000,1.000,0.000,0.000,0.000,0.000,0.000,0.000,0.000,0.000,0.000,0.000,0.000,0.000,0.000,0.000,0.000,0.000
0.000,0.130,0.000,0.000,0.000,0.008,0.001,0.000,0.000,0.000,0.000,0.861,0.000,0.000,0.000,0.000,0.000,0.000,0.000,0.000
0.000,0.000,0.000,0.000,0.000,0.000,0.999,0.000,0.000,0.000,0.000,0.001,0.000,0.000,0.000,0.000,0.000,0.000,0.000,0.000
0.000,0.000,0.000,0.000,0.000,0.000,0.000,0.000,0.000,0.000,0.000,0.000,0.000,0.000,0.000,1.000,0.000,0.000,0.000,0.000
0.000,0.000,0.000,0.000,0.000,0.000,0.000,0.000,0.000,0.000,0.000,0.000,0.000,0.000,0.000,0.000,1.000,0.000,0.000,0.000
0.000,0.000,0.000,0.000,0.000,1.000,0.000,0.000,0.000,0.000,0.000,0.000,0.000,0.000,0.000,0.000,0.000,0.000,0.000,0.000
0.000,0.026,0.002,0.000,0.000,0.000,0.001,0.000,0.000,0.000,0.000,0.971,0.000,0.000,0.000,0.000,0.000,0.000,0.000,0.000
1.000,0.000,0.000,0.000,0.000,0.000,0.000,0.000,0.000,0.000,0.000,0.000,0.000,0.000,0.000,0.000,0.000,0.000,0.000,0.000
0.000,0.000,0.000,0.000,0.000,0.000,0.000,0.000,0.000,0.999,0.000,0.000,0.000,0.000,0.000,0.000,0.000,0.000,0.000,0.001
0.000,0.000,0.000,0.999,0.000,0.000,0.000,0.000,0.000,0.000,0.000,0.000,0.000,0.000,0.000,0.000,0.000,0.000,0.000,0.000
0.000,0.004,0.000,0.001,0.000,0.001,0.003,0.988,0.000,0.000,0.000,0.001,0.000,0.000,0.000,0.002,0.000,0.000,0.000,0.000
0.000,0.000,0.000,0.000,0.000,0.000,0.000,0.000,0.000,1.000,0.000,0.000,0.000,0.000,0.000,0.000,0.000,0.000,0.000,0.000
0.000,0.000,0.000,0.000,0.000,0.000,0.000,0.000,0.000,0.000,0.000,0.000,0.000,0.000,0.000,0.000,1.000,0.000,0.000,0.000
0.000,0.000,0.986,0.000,0.000,0.000,0.000,0.000,0.000,0.000,0.000,0.000,0.000,0.000,0.000,0.013,0.000,0.000,0.000,0.000
0.000,0.000,0.000,0.000,0.000,0.000,0.000,0.000,0.000,0.000,0.000,1.000,0.000,0.000,0.000,0.000,0.000,0.000,0.000,0.000
0.000,0.000,0.000,0.000,0.000,0.000,0.000,0.000,0.000,0.003,0.000,0.000,0.000,0.000,0.000,0.000,0.000,0.000,0.000,0.997
0.000,0.000,1.000,0.000,0.000,0.000,0.000,0.000,0.000,0.000,0.000,0.000,0.000,0.000,0.000,0.000,0.000,0.000,0.000,0.000
0.000,0.000,0.014,0.000,0.000,0.000,0.000,0.000,0.000,0.000,0.000,0.000,0.000,0.000,0.000,0.986,0.000,0.000,0.000,0.000
0.000,0.000,0.000,0.000,0.000,0.000,0.000,0.000,0.000,0.862,0.000,0.000,0.001,0.000,0.000,0.000,0.000,0.000,0.000,0.137
0.000,0.000,0.000,0.000,0.000,0.000,0.000,0.000,0.000,0.995,0.000,0.000,0.000,0.000,0.000,0.000,0.000,0.000,0.000,0.005
0.000,0.000,0.001,0.865,0.000,0.000,0.134,0.000,0.000,0.000,0.000,0.000,0.000,0.000,0.000,0.000,0.000,0.000,0.000,0.000
0.000,0.001,0.000,0.000,0.000,0.000,0.000,0.000,0.000,0.000,0.000,0.999,0.000,0.000,0.000,0.000,0.000,0.000,0.000,0.000
0.000,0.000,0.000,0.000,0.000,0.000,0.000,0.000,0.000,0.000,0.000,0.000,1.000,0.000,0.000,0.000,0.000,0.000,0.000,0.000
0.000,0.000,1.000,0.000,0.000,0.000,0.000,0.000,0.000,0.000,0.000,0.000,0.000,0.000,0.000,0.000,0.000,0.000,0.000,0.000
0.002,0.000,0.000,0.000,0.000,0.000,0.000,0.000,0.000,0.000,0.000,0.002,0.000,0.000,0.000,0.000,0.995,0.000,0.000,0.000
0.000,0.000,0.000,0.000,0.000,1.000,0.000,0.000,0.000,0.000,0.000,0.000,0.000,0.000,0.000,0.000,0.000,0.000,0.000,0.000
0.000,0.000,0.000,0.000,0.000,0.000,0.000,0.000,0.000,0.000,0.000,0.000,0.000,1.000,0.000,0.000,0.000,0.000,0.000,0.000
0.000,0.000,0.000,0.000,0.000,0.000,0.999,0.000,0.000,0.000,0.000,0.000,0.000,0.000,0.000,0.000,0.000,0.000,0.000,0.000
0.990,0.000,0.000,0.000,0.000,0.000,0.000,0.000,0.000,0.000,0.000,0.000,0.000,0.000,0.000,0.006,0.003,0.000,0.000,0.001
0.000,0.000,0.000,0.000,0.000,0.000,0.000,0.000,0.000,0.003,0.000,0.000,0.000,0.000,0.000,0.000,0.000,0.000,0.000,0.997
0.000,0.001,0.006,0.314,0.000,0.000,0.362,0.311,0.000,0.000,0.000,0.004,0.000,0.000,0.000,0.001,0.000,0.000,0.000,0.000
0.000,0.008,0.001,0.000,0.000,0.008,0.000,0.000,0.977,0.000,0.000,0.007,0.000,0.000,0.000,0.000,0.000,0.000,0.000,0.000
0.000,0.000,0.000,0.000,0.000,0.000,1.000,0.000,0.000,0.000,0.000,0.000,0.000,0.000,0.000,0.000,0.000,0.000,0.000,0.000
0.000,0.000,0.000,0.000,0.000,0.000,0.000,0.000,0.000,0.000,0.000,0.000,0.000,1.000,0.000,0.000,0.000,0.000,0.000,0.000
0.000,0.000,0.159,0.000,0.000,0.000,0.000,0.000,0.000,0.000,0.000,0.000,0.000,0.000,0.000,0.839,0.001,0.000,0.000,0.000
0.000,0.000,0.845,0.112,0.000,0.000,0.006,0.001,0.000,0.000,0.000,0.013,0.000,0.000,0.000,0.021,0.002,0.000,0.000,0.000
0.000,0.000,0.000,0.000,0.000,0.000,0.000,0.000,0.000,0.019,0.974,0.000,0.003,0.000,0.000,0.000,0.000,0.000,0.000,0.003
0.000,0.000,0.000,0.000,0.000,0.000,1.000,0.000,0.000,0.000,0.000,0.000,0.000,0.000,0.000,0.000,0.000,0.000,0.000,0.000
0.000,0.717,0.001,0.000,0.000,0.009,0.006,0.002,0.000,0.000,0.000,0.264,0.000,0.000,0.000,0.001,0.000,0.000,0.000,0.000
0.000,1.000,0.000,0.000,0.000,0.000,0.000,0.000,0.000,0.000,0.000,0.000,0.000,0.000,0.000,0.000,0.000,0.000,0.000,0.000
0.000,0.000,0.000,0.000,0.000,0.000,0.000,0.000,0.000,0.999,0.000,0.000,0.000,0.000,0.000,0.000,0.000,0.000,0.000,0.001
0.000,0.000,0.031,0.888,0.000,0.000,0.078,0.001,0.000,0.000,0.000,0.002,0.000,0.000,0.000,0.000,0.000,0.000,0.000,0.000
0.000,0.000,0.980,0.003,0.000,0.000,0.000,0.000,0.000,0.000,0.000,0.008,0.000,0.000,0.000,0.002,0.006,0.000,0.000,0.000
0.000,0.000,0.000,0.000,0.000,0.000,0.000,0.000,0.000,0.000,1.000,0.000,0.000,0.000,0.000,0.000,0.000,0.000,0.000,0.000
0.000,0.000,0.997,0.001,0.000,0.000,0.000,0.000,0.000,0.000,0.000,0.000,0.000,0.000,0.000,0.002,0.000,0.000,0.000,0.000
0.000,0.008,0.007,0.000,0.000,0.000,0.001,0.000,0.000,0.000,0.000,0.984,0.000,0.000,0.000,0.000,0.000,0.000,0.000,0.000
0.000,0.733,0.000,0.000,0.000,0.000,0.000,0.000,0.000,0.000,0.000,0.267,0.000,0.000,0.000,0.000,0.000,0.000,0.000,0.000
0.000,0.000,0.000,0.000,0.000,0.000,0.000,0.000,0.000,0.031,0.000,0.000,0.892,0.000,0.000,0.000,0.000,0.000,0.000,0.076
0.000,0.000,0.000,0.380,0.000,0.000,0.620,0.000,0.000,0.000,0.000,0.000,0.000,0.000,0.000,0.000,0.000,0.000,0.000,0.000
0.000,0.000,0.000,1.000,0.000,0.000,0.000,0.000,0.000,0.000,0.000,0.000,0.000,0.000,0.000,0.000,0.000,0.000,0.000,0.000
0.001,0.000,0.000,0.000,0.000,0.000,0.000,0.989,0.000,0.000,0.000,0.000,0.000,0.000,0.000,0.009,0.000,0.000,0.000,0.000
0.000,0.000,0.000,0.000,0.000,0.000,0.000,0.000,0.000,0.003,0.001,0.000,0.000,0.996,0.000,0.000,0.000,0.000,0.000,0.001
0.000,0.000,0.000,0.000,0.000,0.000,0.000,0.000,0.000,0.023,0.967,0.000,0.009,0.000,0.000,0.000,0.000,0.000,0.000,0.001
0.000,0.000,0.000,1.000,0.000,0.000,0.000,0.000,0.000,0.000,0.000,0.000,0.000,0.000,0.000,0.000,0.000,0.000,0.000,0.000
0.000,0.000,0.000,0.000,0.000,0.000,0.000,0.000,0.000,0.090,0.000,0.000,0.001,0.000,0.000,0.000,0.000,0.000,0.000,0.909
0.000,0.000,0.000,0.000,0.000,0.000,0.000,0.000,0.000,0.000,0.000,0.000,0.000,0.000,0.000,0.000,0.000,1.000,0.000,0.000
0.004,0.000,0.000,0.000,0.000,0.000,0.000,0.000,0.000,0.000,0.000,0.000,0.000,0.000,0.000,0.007,0.989,0.000,0.000,0.000
0.000,0.000,0.000,0.000,0.000,0.000,0.000,0.000,0.000,0.000,0.000,0.000,0.000,0.000,0.000,0.000,0.000,0.000,1.000,0.000
0.000,0.000,1.000,0.000,0.000,0.000,0.000,0.000,0.000,0.000,0.000,0.000,0.000,0.000,0.000,0.000,0.000,0.000,0.000,0.000
1.000,0.000,0.000,0.000,0.000,0.000,0.000,0.000,0.000,0.000,0.000,0.000,0.000,0.000,0.000,0.000,0.000,0.000,0.000,0.000
0.000,0.000,0.000,0.000,0.000,0.000,1.000,0.000,0.000,0.000,0.000,0.000,0.000,0.000,0.000,0.000,0.000,0.000,0.000,0.000
0.000,0.000,0.000,0.000,0.000,0.000,0.000,0.000,0.000,0.000,1.000,0.000,0.000,0.000,0.000,0.000,0.000,0.000,0.000,0.000
0.000,0.000,0.000,0.000,0.000,0.000,0.000,0.000,0.000,0.000,1.000,0.000,0.000,0.000,0.000,0.000,0.000,0.000,0.000,0.000
0.000,0.000,0.000,0.000,0.000,0.000,0.000,0.000,0.000,0.000,0.000,0.000,0.000,0.000,0.000,0.000,0.000,0.000,0.000,1.000
0.000,0.000,0.000,0.000,0.000,0.000,0.000,0.000,0.000,0.000,1.000,0.000,0.000,0.000,0.000,0.000,0.000,0.000,0.000,0.000
0.000,0.000,0.000,0.000,0.000,0.000,0.000,0.000,0.000,0.000,0.991,0.000,0.009,0.000,0.000,0.000,0.000,0.000,0.000,0.000
0.000,0.000,0.000,0.000,0.000,0.000,1.000,0.000,0.000,0.000,0.000,0.000,0.000,0.000,0.000,0.000,0.000,0.000,0.000,0.000
0.000,0.000,1.000,0.000,0.000,0.000,0.000,0.000,0.000,0.000,0.000,0.000,0.000,0.000,0.000,0.000,0.000,0.000,0.000,0.000
0.000,0.000,0.000,0.000,0.000,0.001,0.998,0.000,0.000,0.000,0.000,0.000,0.000,0.000,0.000,0.000,0.000,0.000,0.000,0.000
0.000,0.977,0.000,0.000,0.000,0.000,0.000,0.000,0.000,0.000,0.000,0.023,0.000,0.000,0.000,0.000,0.000,0.000,0.000,0.000
0.000,0.000,0.000,0.000,0.000,0.000,0.000,0.000,0.000,0.000,0.000,0.000,0.000,0.000,0.000,0.000,1.000,0.000,0.000,0.000
0.000,0.000,0.000,0.000,0.000,0.000,0.000,0.000,0.000,0.000,1.000,0.000,0.000,0.000,0.000,0.000,0.000,0.000,0.000,0.000
0.000,0.000,0.000,1.000,0.000,0.000,0.000,0.000,0.000,0.000,0.000,0.000,0.000,0.000,0.000,0.000,0.000,0.000,0.000,0.000
0.000,0.000,0.000,0.000,0.000,0.000,0.000,0.000,0.000,0.023,0.689,0.000,0.113,0.168,0.000,0.000,0.000,0.000,0.001,0.005
0.000,0.000,0.000,0.000,0.000,0.000,0.000,0.000,1.000,0.000,0.000,0.000,0.000,0.000,0.000,0.000,0.000,0.000,0.000,0.000
0.000,0.000,0.000,1.000,0.000,0.000,0.000,0.000,0.000,0.000,0.000,0.000,0.000,0.000,0.000,0.000,0.000,0.000,0.000,0.000
0.512,0.000,0.000,0.000,0.000,0.000,0.000,0.000,0.000,0.000,0.000,0.000,0.000,0.000,0.000,0.486,0.002,0.000,0.000,0.000
0.000,0.000,1.000,0.000,0.000,0.000,0.000,0.000,0.000,0.000,0.000,0.000,0.000,0.000,0.000,0.000,0.000,0.000,0.000,0.000
0.000,0.000,0.000,0.000,0.000,0.000,0.000,0.000,0.000,0.000,0.000,0.000,0.000,0.000,0.000,0.000,0.000,0.000,0.000,1.000
0.000,0.052,0.000,0.000,0.000,0.000,0.000,0.000,0.000,0.000,0.000,0.947,0.000,0.000,0.000,0.000,0.000,0.000,0.000,0.000
0.000,0.000,1.000,0.000,0.000,0.000,0.000,0.000,0.000,0.000,0.000,0.000,0.000,0.000,0.000,0.000,0.000,0.000,0.000,0.000
0.000,0.000,0.000,0.000,0.000,0.000,0.000,0.000,0.000,0.000,1.000,0.000,0.000,0.000,0.000,0.000,0.000,0.000,0.000,0.000
0.000,0.000,0.000,0.000,0.000,0.000,0.000,0.000,0.321,0.000,0.000,0.000,0.000,0.000,0.000,0.000,0.000,0.000,0.679,0.000
0.000,0.000,0.000,0.038,0.000,0.000,0.962,0.000,0.000,0.000,0.000,0.000,0.000,0.000,0.000,0.000,0.000,0.000,0.000,0.000
0.000,0.019,0.000,0.000,0.000,0.000,0.000,0.000,0.000,0.000,0.000,0.981,0.000,0.000,0.000,0.000,0.000,0.000,0.000,0.000
0.000,0.000,0.000,0.000,0.000,0.000,0.000,0.000,0.000,0.001,0.000,0.000,0.000,0.000,0.000,0.000,0.000,0.000,0.000,0.999
0.000,0.950,0.000,0.000,0.000,0.000,0.000,0.000,0.000,0.000,0.000,0.050,0.000,0.000,0.000,0.000,0.000,0.000,0.000,0.000
0.001,0.058,0.003,0.000,0.000,0.002,0.000,0.001,0.000,0.001,0.010,0.006,0.001,0.000,0.001,0.913,0.004,0.000,0.000,0.000
0.000,0.004,0.000,0.000,0.000,0.983,0.001,0.000,0.003,0.000,0.002,0.004,0.000,0.000,0.000,0.000,0.001,0.000,0.000,0.001
0.000,0.000,0.000,0.000,0.000,0.000,0.000,0.000,0.000,0.000,1.000,0.000,0.000,0.000,0.000,0.000,0.000,0.000,0.000,0.000
0.000,0.871,0.000,0.000,0.000,0.000,0.000,0.000,0.000,0.000,0.000,0.129,0.000,0.000,0.000,0.000,0.000,0.000,0.000,0.000
0.000,0.000,0.013,0.984,0.000,0.000,0.003,0.000,0.000,0.000,0.000,0.000,0.000,0.000,0.000,0.000,0.000,0.000,0.000,0.000
0.000,0.000,1.000,0.000,0.000,0.000,0.000,0.000,0.000,0.000,0.000,0.000,0.000,0.000,0.000,0.000,0.000,0.000,0.000,0.000
1.000,0.000,0.000,0.000,0.000,0.000,0.000,0.000,0.000,0.000,0.000,0.000,0.000,0.000,0.000,0.000,0.000,0.000,0.000,0.000
0.000,0.013,0.005,0.000,0.000,0.000,0.002,0.000,0.000,0.000,0.000,0.978,0.000,0.000,0.000,0.000,0.001,0.000,0.000,0.000
0.000,0.000,0.000,0.918,0.000,0.000,0.082,0.000,0.000,0.000,0.000,0.000,0.000,0.000,0.000,0.000,0.000,0.000,0.000,0.000
0.000,0.000,0.000,0.000,0.000,0.004,0.001,0.000,0.000,0.115,0.777,0.002,0.060,0.002,0.000,0.002,0.002,0.000,0.000,0.033
0.000,0.000,0.000,0.000,0.000,0.000,0.000,1.000,0.000,0.000,0.000,0.000,0.000,0.000,0.000,0.000,0.000,0.000,0.000,0.000
0.000,0.000,0.998,0.001,0.000,0.000,0.000,0.000,0.000,0.000,0.000,0.000,0.000,0.000,0.000,0.000,0.000,0.000,0.000,0.000
0.000,0.000,0.000,0.000,0.000,0.000,0.000,1.000,0.000,0.000,0.000,0.000,0.000,0.000,0.000,0.000,0.000,0.000,0.000,0.000
0.000,0.000,0.000,0.000,1.000,0.000,0.000,0.000,0.000,0.000,0.000,0.000,0.000,0.000,0.000,0.000,0.000,0.000,0.000,0.000
0.000,0.000,0.000,0.000,0.000,0.000,0.000,0.000,0.000,0.000,0.000,0.000,0.000,1.000,0.000,0.000,0.000,0.000,0.000,0.000
0.000,0.000,0.000,0.000,0.000,0.000,1.000,0.000,0.000,0.000,0.000,0.000,0.000,0.000,0.000,0.000,0.000,0.000,0.000,0.000
0.000,0.000,0.000,0.000,0.000,0.000,0.000,0.000,0.000,0.000,0.001,0.000,0.000,0.999,0.000,0.000,0.000,0.000,0.000,0.000
0.000,0.000,0.000,0.000,0.000,0.000,0.000,0.000,0.000,0.000,0.000,0.000,0.000,0.009,0.000,0.000,0.000,0.003,0.988,0.000
0.000,0.000,0.000,0.000,0.000,0.000,0.000,0.000,1.000,0.000,0.000,0.000,0.000,0.000,0.000,0.000,0.000,0.000,0.000,0.000
0.000,0.001,0.000,0.000,0.000,0.000,0.000,0.000,0.000,0.000,0.000,0.999,0.000,0.000,0.000,0.000,0.000,0.000,0.000,0.000
0.000,0.000,0.000,0.000,1.000,0.000,0.000,0.000,0.000,0.000,0.000,0.000,0.000,0.000,0.000,0.000,0.000,0.000,0.000,0.000
0.000,0.000,0.000,1.000,0.000,0.000,0.000,0.000,0.000,0.000,0.000,0.000,0.000,0.000,0.000,0.000,0.000,0.000,0.000,0.000
0.000,0.000,0.200,0.800,0.000,0.000,0.000,0.000,0.000,0.000,0.000,0.000,0.000,0.000,0.000,0.000,0.000,0.000,0.000,0.000
0.005,0.001,0.001,0.018,0.000,0.001,0.962,0.003,0.000,0.000,0.000,0.009,0.000,0.000,0.000,0.001,0.001,0.000,0.000,0.000
0.000,0.000,0.000,0.000,1.000,0.000,0.000,0.000,0.000,0.000,0.000,0.000,0.000,0.000,0.000,0.000,0.000,0.000,0.000,0.000
0.000,0.000,0.000,0.000,0.000,0.000,0.000,0.000,0.000,0.006,0.000,0.000,0.994,0.000,0.000,0.000,0.000,0.000,0.000,0.000
0.000,0.000,0.000,0.005,0.000,0.000,0.994,0.000,0.000,0.000,0.000,0.001,0.000,0.000,0.000,0.000,0.000,0.000,0.000,0.000
0.001,0.000,0.001,0.000,0.000,0.000,0.000,0.000,0.000,0.000,0.000,0.000,0.000,0.000,0.000,0.989,0.009,0.000,0.000,0.000
0.000,0.000,0.000,0.000,0.000,0.000,0.000,0.000,0.000,0.019,0.000,0.000,0.000,0.000,0.000,0.000,0.000,0.000,0.000,0.981
0.000,0.875,0.000,0.000,0.000,0.000,0.000,0.000,0.000,0.000,0.000,0.125,0.000,0.000,0.000,0.000,0.000,0.000,0.000,0.000
0.000,0.000,1.000,0.000,0.000,0.000,0.000,0.000,0.000,0.000,0.000,0.000,0.000,0.000,0.000,0.000,0.000,0.000,0.000,0.000
0.000,0.000,0.000,0.000,0.000,0.000,0.000,1.000,0.000,0.000,0.000,0.000,0.000,0.000,0.000,0.000,0.000,0.000,0.000,0.000
0.000,0.000,0.000,0.000,0.000,0.000,0.000,0.000,0.000,0.000,0.000,0.000,0.000,0.000,0.000,0.000,1.000,0.000,0.000,0.000
0.000,0.000,0.000,0.000,0.000,0.000,0.000,0.000,0.000,0.000,0.000,0.000,0.000,0.000,0.000,0.000,0.000,0.000,1.000,0.000
0.000,0.000,0.001,0.999,0.000,0.000,0.000,0.000,0.000,0.000,0.000,0.000,0.000,0.000,0.000,0.000,0.000,0.000,0.000,0.000
0.000,0.000,0.000,0.000,0.000,0.000,0.000,0.000,0.011,0.000,0.000,0.000,0.000,0.000,0.000,0.000,0.000,0.000,0.989,0.000
0.001,0.001,0.000,0.000,0.000,0.003,0.001,0.000,0.001,0.000,0.000,0.001,0.000,0.000,0.982,0.009,0.001,0.000,0.000,0.000
0.000,0.017,0.000,0.000,0.000,0.003,0.034,0.000,0.000,0.000,0.000,0.945,0.000,0.000,0.000,0.000,0.000,0.000,0.000,0.000
0.000,0.000,0.000,0.000,0.000,0.000,0.000,0.000,0.000,0.000,0.000,0.000,0.000,0.000,0.000,0.000,0.000,0.000,1.000,0.000
0.007,0.021,0.006,0.002,0.000,0.470,0.357,0.002,0.002,0.000,0.000,0.041,0.000,0.000,0.001,0.086,0.003,0.000,0.000,0.000
0.000,0.000,0.000,0.001,0.000,0.000,0.998,0.000,0.000,0.000,0.000,0.000,0.000,0.000,0.000,0.000,0.000,0.000,0.000,0.000
0.000,0.000,0.000,0.000,0.000,0.000,1.000,0.000,0.000,0.000,0.000,0.000,0.000,0.000,0.000,0.000,0.000,0.000,0.000,0.000
0.000,0.000,0.000,0.000,0.000,0.000,0.000,0.000,0.000,0.000,0.000,0.000,0.000,0.000,0.000,1.000,0.000,0.000,0.000,0.000
0.000,0.345,0.000,0.000,0.000,0.000,0.000,0.000,0.000,0.000,0.000,0.655,0.000,0.000,0.000,0.000,0.000,0.000,0.000,0.000
0.000,0.000,0.000,0.000,0.000,0.000,0.000,0.000,0.000,0.000,1.000,0.000,0.000,0.000,0.000,0.000,0.000,0.000,0.000,0.000
0.000,0.000,0.996,0.003,0.000,0.000,0.000,0.000,0.000,0.000,0.000,0.000,0.000,0.000,0.000,0.000,0.000,0.000,0.000,0.000
0.000,1.000,0.000,0.000,0.000,0.000,0.000,0.000,0.000,0.000,0.000,0.000,0.000,0.000,0.000,0.000,0.000,0.000,0.000,0.000
0.000,0.001,0.000,0.000,0.000,0.963,0.027,0.000,0.001,0.000,0.000,0.007,0.000,0.000,0.000,0.000,0.000,0.000,0.000,0.000
0.000,0.000,0.000,0.001,0.000,0.000,0.994,0.000,0.000,0.000,0.000,0.005,0.000,0.000,0.000,0.000,0.000,0.000,0.000,0.000
0.000,0.000,0.000,0.000,0.000,0.000,0.000,0.000,0.000,1.000,0.000,0.000,0.000,0.000,0.000,0.000,0.000,0.000,0.000,0.000
0.001,0.002,0.017,0.214,0.000,0.001,0.733,0.003,0.000,0.000,0.000,0.028,0.000,0.000,0.000,0.001,0.000,0.000,0.000,0.000
0.000,0.000,0.000,0.000,0.000,0.000,0.000,0.989,0.000,0.000,0.000,0.000,0.000,0.000,0.000,0.011,0.000,0.000,0.000,0.000
0.000,0.000,0.000,0.000,0.000,0.000,0.000,0.000,0.000,0.000,0.000,0.000,0.000,0.000,0.000,0.000,0.000,0.000,0.000,1.000
0.000,0.008,0.000,0.000,0.000,0.000,0.000,0.000,0.000,0.000,0.000,0.992,0.000,0.000,0.000,0.000,0.000,0.000,0.000,0.000
0.000,0.000,0.000,0.000,0.000,0.000,0.000,0.000,0.000,0.000,1.000,0.000,0.000,0.000,0.000,0.000,0.000,0.000,0.000,0.000
0.000,0.000,0.000,0.001,0.000,0.000,0.999,0.000,0.000,0.000,0.000,0.000,0.000,0.000,0.000,0.000,0.000,0.000,0.000,0.000
0.000,0.000,0.101,0.000,0.000,0.000,0.000,0.000,0.000,0.000,0.000,0.000,0.000,0.000,0.000,0.897,0.001,0.000,0.000,0.000
0.001,0.003,0.002,0.001,0.000,0.002,0.003,0.000,0.000,0.072,0.191,0.009,0.661,0.003,0.000,0.004,0.011,0.000,0.002,0.035
0.000,0.000,0.000,0.000,0.000,0.000,0.000,0.998,0.000,0.000,0.000,0.000,0.000,0.000,0.000,0.001,0.000,0.000,0.000,0.000
0.001,0.000,0.000,0.000,0.000,0.000,0.000,0.000,0.000,0.029,0.000,0.000,0.001,0.000,0.000,0.000,0.001,0.000,0.000,0.969
0.000,0.000,0.000,0.000,0.000,0.000,0.000,0.000,0.000,0.000,0.000,0.000,0.000,0.000,0.000,0.000,0.000,0.000,1.000,0.000
0.000,0.002,0.000,0.000,0.000,0.988,0.000,0.000,0.000,0.000,0.000,0.010,0.000,0.000,0.000,0.000,0.000,0.000,0.000,0.000
0.000,0.000,0.000,0.000,0.000,0.000,0.000,0.000,0.000,1.000,0.000,0.000,0.000,0.000,0.000,0.000,0.000,0.000,0.000,0.000
0.000,0.000,0.000,0.000,0.000,0.000,0.000,0.000,0.000,0.000,1.000,0.000,0.000,0.000,0.000,0.000,0.000,0.000,0.000,0.000
0.966,0.000,0.000,0.000,0.000,0.000,0.000,0.000,0.000,0.000,0.000,0.000,0.000,0.000,0.000,0.031,0.003,0.000,0.000,0.000
0.000,0.000,0.000,0.000,0.000,0.000,0.000,0.000,0.000,1.000,0.000,0.000,0.000,0.000,0.000,0.000,0.000,0.000,0.000,0.000
0.000,0.000,0.000,0.000,0.000,0.000,0.000,0.000,0.000,0.000,0.000,0.000,0.000,0.000,0.000,1.000,0.000,0.000,0.000,0.000
0.001,0.000,0.000,0.000,0.000,0.000,0.000,0.000,0.000,0.000,0.000,0.000,0.000,0.000,0.000,0.003,0.995,0.000,0.000,0.000
0.000,0.000,0.000,0.000,0.000,0.000,0.000,0.000,0.000,0.004,0.000,0.000,0.000,0.000,0.000,0.000,0.000,0.000,0.000,0.996
0.991,0.000,0.000,0.000,0.000,0.000,0.000,0.000,0.000,0.000,0.000,0.000,0.000,0.000,0.000,0.008,0.001,0.000,0.000,0.000
0.000,0.000,0.000,0.000,0.000,0.000,0.000,0.000,0.000,0.000,0.000,0.000,0.000,0.000,0.000,1.000,0.000,0.000,0.000,0.000
0.000,0.000,0.000,0.000,0.000,0.000,0.000,0.000,0.000,0.000,0.000,0.000,0.000,0.000,0.000,1.000,0.000,0.000,0.000,0.000
0.000,0.000,0.000,0.000,0.000,0.000,0.000,0.000,0.000,0.000,0.999,0.000,0.000,0.000,0.000,0.000,0.000,0.000,0.000,0.000
0.004,0.000,0.000,0.000,0.000,0.000,0.000,0.000,0.000,0.018,0.000,0.000,0.000,0.000,0.000,0.000,0.000,0.000,0.000,0.978
0.000,0.000,0.000,0.000,0.000,0.000,0.000,0.000,0.000,0.000,1.000,0.000,0.000,0.000,0.000,0.000,0.000,0.000,0.000,0.000
0.271,0.000,0.000,0.000,0.000,0.000,0.000,0.000,0.000,0.028,0.001,0.000,0.001,0.000,0.000,0.000,0.002,0.000,0.000,0.697
0.309,0.000,0.000,0.000,0.000,0.000,0.001,0.039,0.000,0.041,0.000,0.000,0.001,0.000,0.000,0.007,0.010,0.000,0.000,0.590
0.000,0.000,0.000,0.000,0.000,0.000,0.000,0.000,0.000,0.028,0.803,0.000,0.164,0.001,0.000,0.000,0.000,0.000,0.000,0.004
0.000,0.000,0.000,0.000,0.000,0.000,0.000,0.000,0.000,0.868,0.025,0.000,0.011,0.001,0.000,0.000,0.001,0.000,0.000,0.095
0.043,0.000,0.000,0.000,0.000,0.000,0.000,0.000,0.000,0.090,0.006,0.001,0.610,0.000,0.000,0.001,0.027,0.000,0.000,0.222
0.466,0.000,0.000,0.000,0.000,0.000,0.001,0.530,0.000,0.000,0.000,0.000,0.000,0.000,0.000,0.003,0.000,0.000,0.000,0.000
0.000,0.000,0.000,0.000,0.000,0.000,0.000,0.000,0.000,0.599,0.164,0.000,0.166,0.042,0.000,0.000,0.000,0.000,0.001,0.027
0.020,0.002,0.004,0.000,0.000,0.000,0.000,0.066,0.000,0.008,0.002,0.000,0.000,0.000,0.000,0.882,0.007,0.000,0.000,0.007
0.000,0.000,0.000,0.000,0.000,0.000,0.000,0.000,0.000,0.002,0.330,0.000,0.001,0.666,0.000,0.000,0.000,0.000,0.000,0.000
0.000,0.000,0.000,0.000,0.000,0.000,0.000,0.000,0.000,0.000,0.000,0.000,0.000,0.000,0.000,0.000,0.000,1.000,0.000,0.000
0.000,0.000,0.000,0.000,0.000,0.000,0.000,0.000,0.000,0.002,0.000,0.000,0.990,0.000,0.000,0.000,0.002,0.000,0.000,0.006
0.000,0.000,0.000,0.000,1.000,0.000,0.000,0.000,0.000,0.000,0.000,0.000,0.000,0.000,0.000,0.000,0.000,0.000,0.000,0.000
0.000,0.000,0.000,0.000,0.000,0.000,0.000,0.000,0.000,0.000,0.000,0.000,0.000,0.000,0.000,0.999,0.000,0.000,0.000,0.000
0.000,0.000,1.000,0.000,0.000,0.000,0.000,0.000,0.000,0.000,0.000,0.000,0.000,0.000,0.000,0.000,0.000,0.000,0.000,0.000
0.000,0.000,0.000,0.000,0.000,0.000,0.000,1.000,0.000,0.000,0.000,0.000,0.000,0.000,0.000,0.000,0.000,0.000,0.000,0.000
0.000,0.000,0.001,0.000,0.000,0.000,0.000,0.000,0.000,0.000,0.000,0.000,0.000,0.000,0.000,0.999,0.000,0.000,0.000,0.000
0.000,0.001,0.000,0.000,0.002,0.000,0.000,0.000,0.000,0.006,0.170,0.000,0.812,0.002,0.000,0.001,0.000,0.000,0.002,0.005
0.000,0.004,0.000,0.000,0.000,0.996,0.000,0.000,0.000,0.000,0.000,0.000,0.000,0.000,0.000,0.000,0.000,0.000,0.000,0.000
0.000,0.000,0.000,0.000,1.000,0.000,0.000,0.000,0.000,0.000,0.000,0.000,0.000,0.000,0.000,0.000,0.000,0.000,0.000,0.000
0.000,0.729,0.006,0.000,0.000,0.002,0.000,0.000,0.000,0.000,0.000,0.260,0.000,0.000,0.000,0.001,0.002,0.000,0.000,0.000
0.000,0.000,0.000,0.000,0.000,0.000,0.000,0.000,0.000,0.998,0.000,0.000,0.000,0.000,0.000,0.000,0.000,0.000,0.000,0.002
0.000,0.000,0.000,0.000,1.000,0.000,0.000,0.000,0.000,0.000,0.000,0.000,0.000,0.000,0.000,0.000,0.000,0.000,0.000,0.000
0.000,0.000,0.000,0.000,0.000,0.000,0.000,0.000,0.000,1.000,0.000,0.000,0.000,0.000,0.000,0.000,0.000,0.000,0.000,0.000
