"A","R","N","D","C","Q","E","G","H","I","L","K","M","F","P","S","T","W","Y","V"
0.000,0.000,0.000,0.000,0.000,0.001,0.000,0.000,0.001,0.001,0.965,0.000,0.001,0.018,0.004,0.008,0.000,0.000,0.000,0.001
0.000,0.000,0.000,0.000,0.000,0.000,0.000,0.000,0.000,0.997,0.000,0.000,0.001,0.000,0.000,0.000,0.000,0.000,0.000,0.001
0.000,0.000,0.001,0.995,0.000,0.000,0.003,0.001,0.000,0.000,0.000,0.000,0.000,0.000,0.000,0.000,0.000,0.000,0.000,0.001
0.323,0.028,0.049,0.033,0.001,0.008,0.070,0.024,0.004,0.014,0.003,0.055,0.010,0.001,0.006,0.017,0.342,0.000,0.001,0.012
0.000,0.998,0.000,0.000,0.000,0.000,0.000,0.000,0.000,0.000,0.000,0.000,0.000,0.000,0.000,0.000,0.000,0.000,0.000,0.000
0.000,0.000,0.000,0.000,0.996,0.000,0.000,0.000,0.000,0.000,0.000,0.000,0.000,0.000,0.000,0.001,0.000,0.001,0.002,0.000
0.001,0.004,0.000,0.000,0.000,0.001,0.000,0.000,0.000,0.000,0.002,0.000,0.000,0.000,0.987,0.003,0.002,0.000,0.000,0.000
0.000,0.000,0.000,0.000,0.000,0.000,0.000,0.000,0.000,0.001,0.007,0.000,0.000,0.990,0.000,0.000,0.000,0.000,0.002,0.000
0.000,0.000,0.001,0.000,0.000,0.000,0.000,0.001,0.000,0.000,0.000,0.000,0.000,0.000,0.000,0.995,0.001,0.000,0.000,0.000
0.001,0.000,0.002,0.858,0.000,0.001,0.128,0.004,0.001,0.000,0.000,0.001,0.000,0.000,0.000,0.000,0.000,0.000,0.000,0.003
0.002,0.000,0.001,0.001,0.000,0.000,0.001,0.000,0.000,0.622,0.006,0.001,0.004,0.002,0.000,0.000,0.001,0.000,0.000,0.357
0.000,0.000,0.000,0.000,0.000,0.000,0.000,0.000,0.000,0.004,0.016,0.000,0.000,0.974,0.000,0.001,0.000,0.000,0.003,0.001
0.000,0.000,0.921,0.002,0.000,0.000,0.000,0.000,0.003,0.001,0.000,0.001,0.000,0.000,0.000,0.003,0.000,0.000,0.068,0.000
0.818,0.008,0.001,0.008,0.000,0.001,0.010,0.053,0.001,0.001,0.001,0.002,0.001,0.000,0.028,0.010,0.045,0.000,0.000,0.011
0.003,0.004,0.003,0.000,0.002,0.000,0.000,0.001,0.000,0.002,0.001,0.001,0.000,0.001,0.006,0.620,0.352,0.000,0.001,0.000
0.083,0.018,0.042,0.024,0.001,0.003,0.013,0.008,0.005,0.101,0.043,0.014,0.016,0.052,0.003,0.341,0.112,0.000,0.011,0.108
0.000,0.000,0.000,0.000,0.000,0.000,0.000,0.000,0.000,0.001,0.003,0.000,0.000,0.994,0.000,0.000,0.000,0.000,0.001,0.000
0.000,0.000,0.000,0.000,0.000,0.000,0.000,0.000,0.000,0.018,0.004,0.000,0.000,0.978,0.000,0.000,0.000,0.000,0.000,0.000
0.000,0.001,0.001,0.000,0.002,0.000,0.000,0.001,0.000,0.000,0.000,0.000,0.000,0.000,0.001,0.991,0.002,0.000,0.001,0.000
0.001,0.000,0.000,0.004,0.000,0.000,0.989,0.001,0.000,0.000,0.000,0.001,0.000,0.000,0.000,0.000,0.000,0.000,0.000,0.004
0.000,0.000,0.005,0.000,0.010,0.000,0.000,0.000,0.002,0.000,0.000,0.000,0.000,0.005,0.000,0.004,0.000,0.000,0.972,0.000
0.000,0.000,0.000,0.000,0.000,0.000,0.000,0.000,0.000,0.009,0.004,0.002,0.981,0.000,0.000,0.000,0.000,0.000,0.000,0.002
0.021,0.287,0.015,0.005,0.014,0.022,0.007,0.037,0.019,0.021,0.030,0.041,0.010,0.007,0.082,0.202,0.163,0.003,0.007,0.006
0.001,0.007,0.008,0.000,0.001,0.000,0.000,0.000,0.000,0.000,0.000,0.001,0.000,0.001,0.001,0.943,0.035,0.000,0.001,0.000
0.816,0.000,0.000,0.012,0.000,0.000,0.026,0.003,0.000,0.002,0.001,0.000,0.001,0.000,0.001,0.000,0.005,0.000,0.000,0.130
0.000,0.000,0.000,0.000,0.000,0.000,0.000,0.000,0.000,0.002,0.000,0.000,0.001,0.000,0.000,0.000,0.000,0.000,0.000,0.995
0.024,0.000,0.003,0.003,0.000,0.000,0.021,0.001,0.000,0.073,0.046,0.003,0.004,0.019,0.001,0.001,0.001,0.000,0.001,0.799
0.000,0.000,0.000,0.000,0.000,0.000,0.000,0.000,0.000,0.001,0.002,0.000,0.000,0.996,0.000,0.000,0.000,0.000,0.001,0.000
0.012,0.557,0.012,0.003,0.013,0.011,0.001,0.016,0.013,0.002,0.003,0.005,0.001,0.001,0.006,0.269,0.069,0.006,0.001,0.001
0.000,0.000,0.992,0.004,0.000,0.000,0.000,0.000,0.001,0.001,0.000,0.001,0.000,0.000,0.000,0.000,0.000,0.000,0.001,0.000
0.000,0.000,0.000,0.000,0.996,0.000,0.000,0.000,0.000,0.000,0.000,0.000,0.000,0.000,0.000,0.001,0.000,0.001,0.002,0.000
0.001,0.015,0.002,0.000,0.000,0.003,0.002,0.000,0.000,0.147,0.015,0.202,0.464,0.003,0.000,0.001,0.117,0.000,0.000,0.027
0.000,0.000,0.000,0.000,0.000,0.000,0.000,0.000,0.000,0.000,0.998,0.000,0.000,0.001,0.000,0.000,0.000,0.000,0.000,0.000
0.000,0.000,0.001,0.994,0.000,0.000,0.002,0.001,0.000,0.000,0.000,0.000,0.000,0.000,0.000,0.000,0.000,0.000,0.000,0.001
0.007,0.002,0.000,0.000,0.000,0.000,0.000,0.000,0.000,0.000,0.000,0.000,0.000,0.000,0.962,0.010,0.018,0.000,0.000,0.000
0.022,0.009,0.039,0.409,0.000,0.017,0.352,0.075,0.025,0.001,0.001,0.025,0.001,0.000,0.000,0.004,0.003,0.000,0.001,0.017
0.000,0.000,0.002,0.000,0.000,0.004,0.215,0.001,0.000,0.000,0.000,0.775,0.000,0.000,0.000,0.000,0.000,0.000,0.000,0.001
0.000,0.000,0.000,0.000,0.000,0.000,0.000,0.000,0.000,0.003,0.990,0.000,0.000,0.003,0.001,0.000,0.000,0.000,0.000,0.001
0.000,0.000,0.000,0.000,0.005,0.000,0.000,0.000,0.000,0.000,0.000,0.000,0.000,0.000,0.000,0.000,0.000,0.000,0.994,0.000
0.000,0.001,0.900,0.006,0.001,0.000,0.001,0.001,0.005,0.003,0.000,0.005,0.000,0.001,0.000,0.038,0.011,0.000,0.027,0.000
0.001,0.200,0.003,0.000,0.017,0.003,0.000,0.012,0.002,0.002,0.005,0.005,0.001,0.001,0.012,0.671,0.048,0.013,0.002,0.000
0.998,0.000,0.000,0.000,0.000,0.000,0.000,0.001,0.000,0.000,0.000,0.000,0.000,0.000,0.000,0.000,0.001,0.000,0.000,0.000
0.001,0.000,0.000,0.000,0.000,0.000,0.000,0.000,0.000,0.000,0.000,0.000,0.000,0.000,0.000,0.001,0.997,0.000,0.000,0.000
0.000,0.000,0.000,0.000,0.000,0.000,0.000,0.000,0.000,0.000,0.000,0.000,0.000,0.000,0.000,0.000,0.000,0.999,0.000,0.000
0.000,0.001,0.001,0.000,0.001,0.000,0.000,0.000,0.000,0.000,0.000,0.000,0.000,0.000,0.001,0.992,0.002,0.000,0.000,0.000
0.002,0.000,0.000,0.000,0.000,0.000,0.000,0.000,0.000,0.001,0.000,0.000,0.000,0.000,0.000,0.002,0.995,0.000,0.000,0.000
0.000,0.000,0.000,0.000,0.000,0.000,0.000,0.000,0.000,0.001,0.003,0.000,0.000,0.994,0.000,0.000,0.000,0.000,0.001,0.000
0.000,0.742,0.003,0.001,0.001,0.160,0.004,0.003,0.003,0.000,0.003,0.071,0.000,0.000,0.003,0.003,0.001,0.002,0.000,0.000
0.000,0.000,0.000,0.000,0.996,0.000,0.000,0.000,0.000,0.000,0.000,0.000,0.000,0.000,0.000,0.001,0.000,0.001,0.002,0.000
0.000,0.002,0.189,0.001,0.000,0.001,0.004,0.000,0.000,0.003,0.000,0.798,0.001,0.000,0.000,0.000,0.002,0.000,0.000,0.000
0.000,0.000,0.000,0.000,0.000,0.000,0.000,0.000,0.000,0.000,0.000,0.000,0.000,0.000,1.000,0.000,0.000,0.000,0.000,0.000
0.001,0.000,0.000,0.000,0.000,0.000,0.000,0.000,0.000,0.004,0.000,0.000,0.000,0.000,0.000,0.000,0.000,0.000,0.000,0.993
0.000,0.000,0.001,0.000,0.000,0.000,0.001,0.000,0.000,0.000,0.000,0.998,0.000,0.000,0.000,0.000,0.000,0.000,0.000,0.000
0.008,0.052,0.008,0.002,0.071,0.012,0.004,0.003,0.017,0.077,0.190,0.012,0.008,0.327,0.022,0.058,0.008,0.011,0.085,0.024
0.000,0.003,0.002,0.000,0.000,0.010,0.000,0.000,0.010,0.011,0.826,0.000,0.035,0.080,0.002,0.008,0.001,0.000,0.005,0.006
0.000,0.000,0.001,0.000,0.001,0.000,0.000,0.000,0.000,0.000,0.000,0.000,0.000,0.000,0.000,0.993,0.004,0.000,0.000,0.000
0.000,0.000,0.000,0.000,0.000,0.000,0.000,0.000,0.000,0.001,0.993,0.000,0.001,0.002,0.001,0.000,0.000,0.000,0.000,0.001
0.003,0.001,0.518,0.434,0.001,0.001,0.005,0.007,0.004,0.003,0.001,0.004,0.000,0.001,0.000,0.005,0.002,0.000,0.007,0.004
0.001,0.004,0.005,0.001,0.005,0.000,0.000,0.004,0.001,0.001,0.002,0.000,0.000,0.003,0.002,0.905,0.055,0.001,0.008,0.000
0.000,0.001,0.000,0.000,0.000,0.000,0.000,0.000,0.000,0.015,0.244,0.002,0.726,0.003,0.000,0.000,0.001,0.000,0.000,0.005
0.000,0.001,0.000,0.000,0.000,0.995,0.000,0.000,0.003,0.000,0.000,0.001,0.000,0.000,0.000,0.000,0.000,0.000,0.000,0.000
0.002,0.000,0.000,0.000,0.000,0.000,0.000,0.000,0.000,0.001,0.000,0.000,0.000,0.000,0.000,0.000,0.000,0.000,0.000,0.996
0.003,0.000,0.000,0.000,0.000,0.000,0.000,0.000,0.000,0.000,0.000,0.000,0.000,0.000,0.000,0.002,0.994,0.000,0.000,0.000
0.001,0.003,0.070,0.000,0.006,0.000,0.000,0.001,0.003,0.001,0.002,0.000,0.000,0.003,0.001,0.867,0.010,0.001,0.030,0.000
0.000,0.000,0.000,0.000,0.000,0.000,0.000,0.000,0.000,0.001,0.997,0.000,0.000,0.001,0.000,0.000,0.000,0.000,0.000,0.000
0.002,0.000,0.000,0.000,0.000,0.000,0.000,0.000,0.000,0.001,0.000,0.000,0.000,0.000,0.001,0.001,0.995,0.000,0.000,0.000
0.000,0.000,0.000,0.000,0.000,0.000,0.000,0.000,0.000,0.001,0.000,0.000,0.998,0.000,0.000,0.000,0.000,0.000,0.000,0.000
0.000,0.000,0.001,0.994,0.000,0.000,0.002,0.001,0.000,0.000,0.000,0.000,0.000,0.000,0.000,0.000,0.000,0.000,0.000,0.001
0.000,0.000,0.000,0.002,0.000,0.001,0.990,0.001,0.000,0.000,0.000,0.006,0.000,0.000,0.000,0.000,0.000,0.000,0.000,0.001
0.000,0.000,0.000,0.000,0.000,0.000,0.000,0.000,0.000,0.001,0.003,0.000,0.000,0.994,0.000,0.000,0.000,0.000,0.001,0.000
0.001,0.000,0.000,0.001,0.000,0.000,0.001,0.000,0.000,0.002,0.001,0.000,0.001,0.000,0.000,0.000,0.000,0.000,0.000,0.994
0.001,0.000,0.000,0.000,0.000,0.000,0.000,0.000,0.000,0.006,0.001,0.000,0.000,0.000,0.000,0.000,0.000,0.000,0.000,0.991
0.000,0.992,0.000,0.000,0.000,0.001,0.000,0.002,0.001,0.000,0.000,0.001,0.000,0.000,0.001,0.001,0.000,0.001,0.000,0.000
0.006,0.006,0.000,0.006,0.000,0.000,0.007,0.965,0.000,0.000,0.000,0.001,0.000,0.000,0.000,0.003,0.001,0.000,0.000,0.003
0.000,0.001,0.000,0.000,0.001,0.000,0.000,0.000,0.000,0.000,0.000,0.000,0.000,0.002,0.001,0.993,0.001,0.000,0.000,0.000
0.000,0.000,0.000,0.000,0.000,0.994,0.001,0.000,0.005,0.000,0.000,0.000,0.000,0.000,0.000,0.000,0.000,0.000,0.000,0.000
0.001,0.000,0.000,0.001,0.000,0.000,0.001,0.000,0.000,0.001,0.002,0.000,0.000,0.000,0.000,0.000,0.000,0.000,0.000,0.994
0.000,0.991,0.000,0.000,0.000,0.000,0.000,0.001,0.001,0.000,0.000,0.004,0.000,0.000,0.000,0.001,0.000,0.001,0.000,0.000
0.000,0.158,0.001,0.001,0.001,0.772,0.004,0.004,0.022,0.000,0.005,0.016,0.000,0.000,0.009,0.003,0.001,0.001,0.000,0.000
0.000,0.003,0.001,0.000,0.000,0.001,0.002,0.000,0.000,0.000,0.000,0.993,0.000,0.000,0.000,0.000,0.000,0.000,0.000,0.000
0.072,0.193,0.009,0.005,0.046,0.006,0.006,0.061,0.005,0.009,0.018,0.016,0.003,0.004,0.033,0.206,0.113,0.184,0.007,0.006
0.004,0.002,0.000,0.000,0.000,0.001,0.000,0.000,0.001,0.000,0.003,0.000,0.000,0.000,0.978,0.004,0.006,0.000,0.000,0.000
0.000,0.000,0.000,0.000,0.000,0.000,0.000,0.000,0.000,0.001,0.003,0.000,0.000,0.994,0.000,0.000,0.000,0.000,0.002,0.000
0.243,0.007,0.003,0.002,0.000,0.001,0.003,0.025,0.000,0.020,0.005,0.014,0.150,0.002,0.002,0.039,0.284,0.000,0.000,0.199
0.000,0.001,0.918,0.005,0.000,0.000,0.000,0.000,0.056,0.001,0.000,0.008,0.000,0.000,0.000,0.003,0.001,0.000,0.007,0.000
0.001,0.002,0.000,0.001,0.000,0.000,0.001,0.995,0.000,0.000,0.000,0.000,0.000,0.000,0.000,0.000,0.000,0.000,0.000,0.000
0.000,0.004,0.165,0.005,0.000,0.002,0.005,0.001,0.002,0.009,0.001,0.792,0.002,0.000,0.000,0.003,0.005,0.000,0.002,0.001
0.000,0.000,0.002,0.000,0.000,0.000,0.000,0.000,0.000,0.923,0.007,0.003,0.049,0.003,0.000,0.000,0.003,0.000,0.000,0.009
0.777,0.008,0.004,0.031,0.001,0.003,0.018,0.028,0.004,0.004,0.004,0.003,0.001,0.001,0.041,0.012,0.033,0.000,0.001,0.028
0.000,0.000,0.006,0.992,0.000,0.000,0.001,0.001,0.000,0.000,0.000,0.000,0.000,0.000,0.000,0.000,0.000,0.000,0.000,0.000
0.000,0.000,0.001,0.000,0.001,0.000,0.000,0.000,0.000,0.000,0.000,0.000,0.000,0.006,0.000,0.000,0.000,0.000,0.992,0.000
0.000,0.000,0.000,0.000,0.000,0.000,0.000,0.000,0.000,0.000,0.000,0.000,0.000,0.000,0.000,0.000,0.999,0.000,0.000,0.000
0.000,0.000,0.001,0.000,0.002,0.000,0.000,0.000,0.001,0.000,0.000,0.000,0.000,0.001,0.000,0.000,0.000,0.000,0.995,0.000
0.000,0.001,0.001,0.000,0.000,0.000,0.001,0.000,0.000,0.000,0.000,0.994,0.000,0.000,0.000,0.000,0.000,0.000,0.000,0.000
0.291,0.017,0.010,0.034,0.001,0.006,0.048,0.044,0.004,0.055,0.052,0.015,0.005,0.002,0.034,0.029,0.079,0.001,0.002,0.270
0.001,0.000,0.000,0.000,0.000,0.000,0.000,0.000,0.000,0.000,0.001,0.000,0.000,0.000,0.996,0.001,0.001,0.000,0.000,0.000
0.000,0.001,0.000,0.000,0.000,0.000,0.000,0.000,0.008,0.001,0.977,0.000,0.002,0.003,0.004,0.000,0.000,0.000,0.000,0.003
0.001,0.060,0.003,0.000,0.326,0.003,0.000,0.004,0.002,0.003,0.039,0.003,0.001,0.038,0.006,0.098,0.004,0.382,0.027,0.001
0.000,0.000,0.000,0.000,0.000,0.000,0.000,0.000,0.000,0.001,0.003,0.000,0.000,0.994,0.000,0.000,0.000,0.000,0.001,0.000
0.000,0.000,0.000,0.000,0.000,0.000,0.000,0.000,0.000,0.996,0.001,0.000,0.001,0.001,0.000,0.000,0.001,0.000,0.000,0.000
0.002,0.000,0.001,0.000,0.000,0.000,0.000,0.000,0.000,0.001,0.000,0.000,0.000,0.000,0.002,0.030,0.964,0.000,0.000,0.000
0.018,0.015,0.005,0.042,0.000,0.030,0.675,0.085,0.004,0.004,0.003,0.076,0.002,0.000,0.002,0.002,0.004,0.000,0.000,0.031
0.001,0.000,0.000,0.001,0.000,0.000,0.001,0.000,0.000,0.002,0.001,0.000,0.001,0.000,0.000,0.000,0.000,0.000,0.000,0.994
0.000,0.000,0.000,0.000,0.000,0.000,0.000,0.000,0.000,0.993,0.001,0.000,0.001,0.003,0.000,0.000,0.001,0.000,0.000,0.001
0.995,0.000,0.000,0.000,0.000,0.000,0.000,0.001,0.000,0.000,0.000,0.000,0.000,0.000,0.001,0.000,0.002,0.000,0.000,0.001
0.001,0.011,0.002,0.002,0.000,0.852,0.013,0.001,0.026,0.003,0.041,0.032,0.001,0.001,0.007,0.001,0.001,0.000,0.001,0.002
0.000,0.000,0.993,0.001,0.000,0.000,0.000,0.000,0.000,0.001,0.000,0.002,0.000,0.000,0.000,0.001,0.000,0.000,0.001,0.000
0.000,0.001,0.001,0.000,0.001,0.000,0.000,0.000,0.000,0.000,0.000,0.000,0.000,0.000,0.000,0.993,0.001,0.000,0.000,0.000
0.000,0.790,0.006,0.000,0.001,0.006,0.001,0.004,0.001,0.000,0.000,0.181,0.000,0.000,0.001,0.002,0.002,0.002,0.000,0.000
0.010,0.006,0.000,0.009,0.000,0.000,0.003,0.961,0.000,0.000,0.000,0.000,0.000,0.000,0.000,0.003,0.001,0.000,0.000,0.005
0.000,0.000,0.002,0.000,0.000,0.000,0.000,0.000,0.000,0.933,0.001,0.001,0.005,0.000,0.000,0.000,0.056,0.000,0.000,0.002
0.014,0.005,0.028,0.818,0.001,0.004,0.028,0.034,0.020,0.003,0.002,0.006,0.001,0.001,0.001,0.004,0.002,0.000,0.007,0.021
0.000,0.001,0.001,0.000,0.002,0.000,0.000,0.001,0.000,0.000,0.000,0.000,0.000,0.000,0.001,0.991,0.002,0.000,0.001,0.000
0.000,0.000,0.001,0.000,0.000,0.001,0.001,0.000,0.000,0.000,0.000,0.995,0.001,0.000,0.000,0.000,0.000,0.000,0.000,0.000
0.000,0.000,0.000,0.000,0.000,0.000,0.000,0.000,0.000,0.003,0.001,0.000,0.000,0.000,0.000,0.000,0.000,0.000,0.000,0.996
0.002,0.002,0.000,0.006,0.000,0.000,0.037,0.952,0.000,0.000,0.000,0.000,0.000,0.000,0.000,0.000,0.000,0.000,0.000,0.001
0.001,0.000,0.000,0.000,0.000,0.000,0.000,0.000,0.000,0.000,0.000,0.000,0.000,0.000,0.000,0.000,0.998,0.000,0.000,0.000
0.999,0.000,0.000,0.000,0.000,0.000,0.000,0.000,0.000,0.000,0.000,0.000,0.000,0.000,0.000,0.000,0.000,0.000,0.000,0.000
0.000,0.992,0.000,0.000,0.000,0.001,0.000,0.002,0.001,0.000,0.000,0.001,0.000,0.000,0.001,0.001,0.000,0.001,0.000,0.000
0.000,0.001,0.001,0.000,0.000,0.001,0.000,0.000,0.001,0.142,0.767,0.001,0.038,0.036,0.002,0.002,0.001,0.000,0.001,0.005
0.015,0.011,0.026,0.010,0.009,0.005,0.006,0.009,0.008,0.226,0.094,0.012,0.022,0.284,0.011,0.065,0.036,0.001,0.020,0.128
0.000,0.992,0.000,0.000,0.000,0.001,0.000,0.002,0.001,0.000,0.000,0.001,0.000,0.000,0.001,0.001,0.000,0.001,0.000,0.000
0.010,0.492,0.002,0.015,0.002,0.120,0.048,0.012,0.060,0.002,0.004,0.154,0.003,0.001,0.031,0.017,0.024,0.002,0.001,0.001
0.000,0.001,0.000,0.000,0.000,0.000,0.000,0.998,0.000,0.000,0.000,0.000,0.000,0.000,0.000,0.000,0.000,0.000,0.000,0.000
0.000,0.000,0.998,0.000,0.000,0.000,0.000,0.000,0.000,0.000,0.000,0.001,0.000,0.000,0.000,0.000,0.000,0.000,0.001,0.000
0.000,0.000,0.000,0.000,0.000,0.000,0.000,0.000,0.000,0.004,0.993,0.000,0.000,0.001,0.000,0.000,0.000,0.000,0.000,0.001
0.000,0.002,0.000,0.000,0.000,0.972,0.012,0.000,0.003,0.000,0.001,0.008,0.000,0.000,0.001,0.000,0.000,0.000,0.000,0.000
0.001,0.001,0.019,0.001,0.002,0.000,0.000,0.000,0.001,0.347,0.047,0.003,0.007,0.486,0.000,0.053,0.011,0.000,0.011,0.009
0.002,0.000,0.001,0.000,0.000,0.000,0.000,0.000,0.000,0.001,0.000,0.001,0.000,0.000,0.001,0.002,0.993,0.000,0.000,0.000
0.001,0.003,0.000,0.002,0.000,0.756,0.224,0.002,0.003,0.000,0.001,0.007,0.000,0.000,0.001,0.000,0.000,0.000,0.000,0.001
0.001,0.903,0.001,0.001,0.002,0.002,0.001,0.063,0.002,0.000,0.000,0.012,0.000,0.000,0.002,0.006,0.002,0.002,0.000,0.000
0.001,0.004,0.001,0.000,0.007,0.000,0.000,0.001,0.000,0.001,0.004,0.000,0.000,0.003,0.005,0.962,0.007,0.001,0.002,0.000
0.000,0.000,0.001,0.000,0.003,0.000,0.000,0.000,0.017,0.000,0.002,0.000,0.000,0.082,0.000,0.001,0.000,0.000,0.893,0.000
0.001,0.013,0.007,0.003,0.010,0.040,0.002,0.003,0.024,0.033,0.316,0.007,0.005,0.349,0.011,0.089,0.010,0.002,0.065,0.010
0.000,0.001,0.001,0.000,0.001,0.000,0.000,0.000,0.000,0.000,0.000,0.000,0.000,0.000,0.000,0.994,0.003,0.000,0.000,0.000
0.001,0.000,0.000,0.000,0.000,0.000,0.000,0.000,0.000,0.000,0.000,0.000,0.000,0.000,0.000,0.003,0.996,0.000,0.000,0.000
0.000,0.000,0.001,0.000,0.000,0.000,0.001,0.000,0.000,0.000,0.000,0.996,0.000,0.000,0.000,0.000,0.000,0.000,0.000,0.000
0.000,0.000,0.993,0.001,0.000,0.000,0.000,0.000,0.000,0.001,0.000,0.002,0.000,0.000,0.000,0.001,0.000,0.000,0.001,0.000
0.001,0.852,0.003,0.001,0.032,0.007,0.002,0.021,0.007,0.001,0.002,0.014,0.000,0.001,0.005,0.025,0.005,0.017,0.002,0.000
0.000,0.001,0.012,0.002,0.011,0.000,0.000,0.000,0.006,0.002,0.002,0.001,0.000,0.016,0.000,0.007,0.001,0.000,0.939,0.000
0.000,0.001,0.001,0.000,0.000,0.000,0.000,0.000,0.000,0.000,0.000,0.000,0.000,0.000,0.000,0.996,0.001,0.000,0.000,0.000
0.000,0.964,0.000,0.000,0.001,0.001,0.000,0.004,0.001,0.000,0.000,0.006,0.000,0.000,0.001,0.007,0.014,0.001,0.000,0.000
0.000,0.000,0.002,0.000,0.000,0.000,0.000,0.000,0.000,0.890,0.087,0.001,0.004,0.004,0.000,0.001,0.002,0.000,0.000,0.007
0.000,0.000,0.000,0.000,0.000,0.000,0.000,0.000,0.000,0.000,0.001,0.000,0.000,0.998,0.000,0.000,0.000,0.000,0.001,0.000
0.006,0.020,0.005,0.000,0.000,0.028,0.001,0.000,0.019,0.020,0.689,0.012,0.073,0.015,0.056,0.022,0.013,0.000,0.001,0.019
0.000,0.000,0.001,0.000,0.002,0.000,0.000,0.000,0.001,0.000,0.000,0.000,0.000,0.001,0.000,0.000,0.000,0.000,0.995,0.000
0.001,0.002,0.000,0.001,0.000,0.000,0.001,0.995,0.000,0.000,0.000,0.000,0.000,0.000,0.000,0.000,0.000,0.000,0.000,0.000
0.000,0.000,0.000,0.000,0.000,0.000,0.000,0.000,0.000,0.001,0.003,0.000,0.000,0.994,0.000,0.000,0.000,0.000,0.001,0.000
0.000,0.020,0.000,0.000,0.004,0.000,0.000,0.002,0.000,0.000,0.000,0.000,0.000,0.000,0.000,0.005,0.000,0.968,0.000,0.000
0.001,0.000,0.000,0.000,0.000,0.000,0.000,0.000,0.000,0.000,0.001,0.000,0.000,0.000,0.996,0.001,0.001,0.000,0.000,0.000
0.002,0.000,0.000,0.000,0.000,0.000,0.000,0.000,0.000,0.001,0.000,0.000,0.000,0.000,0.001,0.002,0.993,0.000,0.000,0.000
0.000,0.000,0.000,0.000,0.000,0.000,0.000,0.000,0.000,0.000,0.000,0.000,0.002,0.000,0.000,0.000,0.000,0.000,0.000,0.997
0.001,0.002,0.000,0.001,0.000,0.000,0.001,0.995,0.000,0.000,0.000,0.000,0.000,0.000,0.000,0.000,0.000,0.000,0.000,0.000
0.001,0.000,0.000,0.001,0.000,0.000,0.000,0.000,0.000,0.055,0.007,0.000,0.006,0.001,0.000,0.000,0.000,0.000,0.000,0.928
0.001,0.002,0.000,0.001,0.000,0.000,0.001,0.995,0.000,0.000,0.000,0.000,0.000,0.000,0.000,0.000,0.000,0.000,0.000,0.000
0.295,0.019,0.009,0.027,0.001,0.007,0.042,0.043,0.003,0.053,0.033,0.028,0.030,0.003,0.052,0.032,0.178,0.000,0.001,0.144
0.000,0.001,0.000,0.000,0.000,0.996,0.000,0.000,0.001,0.000,0.000,0.000,0.000,0.000,0.000,0.000,0.000,0.000,0.000,0.000
0.001,0.000,0.000,0.000,0.000,0.000,0.000,0.000,0.000,0.000,0.001,0.000,0.000,0.000,0.996,0.001,0.001,0.000,0.000,0.000
0.000,0.000,0.000,0.000,0.001,0.000,0.000,0.000,0.001,0.002,0.004,0.000,0.000,0.907,0.000,0.001,0.000,0.000,0.083,0.000
0.000,0.923,0.000,0.000,0.001,0.005,0.000,0.002,0.004,0.000,0.001,0.001,0.000,0.000,0.052,0.007,0.002,0.001,0.000,0.000
0.001,0.000,0.000,0.001,0.000,0.000,0.001,0.000,0.000,0.002,0.001,0.000,0.001,0.000,0.000,0.000,0.000,0.000,0.000,0.994
0.000,0.998,0.000,0.000,0.000,0.000,0.000,0.000,0.000,0.000,0.000,0.000,0.000,0.000,0.000,0.000,0.000,0.000,0.000,0.000
0.001,0.000,0.000,0.001,0.000,0.000,0.001,0.000,0.000,0.002,0.001,0.000,0.001,0.000,0.000,0.000,0.000,0.000,0.000,0.994
0.010,0.024,0.012,0.017,0.002,0.110,0.027,0.010,0.058,0.031,0.539,0.020,0.012,0.010,0.017,0.019,0.008,0.002,0.007,0.065
0.000,0.000,0.000,0.000,0.001,0.000,0.000,0.000,0.000,0.000,0.000,0.000,0.000,0.000,0.000,0.992,0.005,0.000,0.000,0.000
0.000,0.000,0.000,0.000,0.000,1.000,0.000,0.000,0.000,0.000,0.000,0.000,0.000,0.000,0.000,0.000,0.000,0.000,0.000,0.000
0.039,0.001,0.026,0.842,0.000,0.001,0.044,0.015,0.004,0.002,0.001,0.002,0.000,0.000,0.001,0.002,0.003,0.000,0.002,0.015
0.002,0.032,0.161,0.148,0.011,0.016,0.003,0.023,0.015,0.014,0.065,0.062,0.019,0.047,0.002,0.160,0.039,0.000,0.129,0.052
0.000,0.000,0.000,0.000,0.000,0.000,0.000,0.000,0.000,0.001,0.997,0.000,0.000,0.000,0.000,0.000,0.000,0.000,0.000,0.000
0.000,0.000,0.001,0.000,0.000,0.000,0.000,0.000,0.000,0.000,0.000,0.000,0.000,0.000,0.001,0.996,0.002,0.000,0.000,0.000
0.021,0.057,0.004,0.004,0.005,0.013,0.004,0.025,0.021,0.007,0.206,0.007,0.003,0.015,0.155,0.365,0.068,0.003,0.014,0.003
0.000,0.018,0.000,0.002,0.000,0.785,0.005,0.001,0.166,0.000,0.003,0.001,0.000,0.000,0.017,0.001,0.000,0.000,0.000,0.000
0.006,0.008,0.015,0.000,0.000,0.000,0.004,0.001,0.000,0.015,0.000,0.108,0.010,0.000,0.003,0.005,0.823,0.000,0.000,0.001
0.063,0.001,0.000,0.001,0.000,0.000,0.018,0.005,0.000,0.013,0.002,0.002,0.042,0.001,0.001,0.001,0.008,0.000,0.000,0.842
0.000,0.000,0.000,0.000,0.000,0.000,0.000,0.000,0.000,0.000,0.001,0.000,0.001,0.000,0.000,0.000,0.000,0.000,0.000,0.998
0.000,0.001,0.912,0.006,0.005,0.000,0.000,0.000,0.002,0.005,0.000,0.003,0.000,0.002,0.000,0.017,0.002,0.000,0.044,0.000
0.000,0.000,0.000,0.000,0.000,0.000,0.000,0.000,0.998,0.000,0.000,0.000,0.000,0.000,0.000,0.000,0.000,0.000,0.001,0.000
0.228,0.007,0.007,0.018,0.000,0.003,0.024,0.015,0.002,0.062,0.046,0.011,0.056,0.006,0.024,0.014,0.079,0.000,0.001,0.395
0.027,0.004,0.026,0.447,0.000,0.008,0.183,0.041,0.015,0.001,0.007,0.013,0.003,0.001,0.000,0.003,0.002,0.000,0.000,0.218
0.000,0.000,0.000,0.000,0.000,0.000,0.000,0.000,0.000,0.040,0.015,0.000,0.001,0.939,0.000,0.001,0.000,0.000,0.002,0.001
0.019,0.001,0.008,0.001,0.001,0.000,0.001,0.000,0.000,0.032,0.005,0.010,0.034,0.002,0.010,0.030,0.840,0.000,0.001,0.005
0.001,0.000,0.001,0.001,0.000,0.000,0.001,0.000,0.000,0.303,0.019,0.004,0.495,0.000,0.000,0.000,0.003,0.000,0.000,0.170
