"A" "R" "N" "D" "C" "Q" "E" "G" "H" "I" "L" "K" "M" "F" "P" "S" "T" "W" "Y" "V"
"1" 0 0.999 0 0 0 0 0 0 0 0 0 0 0 0 0 0 0 0 0 0
"2" 0 0 0 0 0 0 0 0 0 0 0 0 0 0 1 0 0 0 0 0
"3" 0.19 0.003 0.005 0 0 0.001 0 0.001 0 0.001 0 0.007 0.001 0 0.002 0.035 0.752 0 0 0.002
"4" 0.001 0.02 0.36 0.293 0 0.015 0.005 0.003 0.27 0 0 0.012 0 0 0.001 0.012 0.002 0 0.005 0
"5" 0 0.999 0 0 0 0 0 0 0 0 0 0 0 0 0 0 0 0 0 0
"6" 0 0 0 0 1 0 0 0 0 0 0 0 0 0 0 0 0 0 0 0
"7" 0 0 0 0.019 0 0 0.98 0 0 0 0 0 0 0 0 0 0 0 0 0
"8" 0.019 0.005 0.005 0 0 0.001 0 0 0.001 0.725 0.013 0.015 0.032 0.001 0.001 0.008 0.049 0 0 0.124
"9" 0 0 0 0 0 0 0 0 0 0.001 0 0 0 0 0 0 0 0 0 0.999
"10" 0.002 0.006 0.001 0 0 0.078 0 0 0.014 0.022 0.585 0.003 0.232 0.023 0.003 0.005 0.004 0 0.006 0.015
"11" 0 0 0 0 0 0 0 0 0 0.001 0 0 0 0 0 0 0 0 0 0.999
"12" 0 0 0 0 0 0 0 0 0 0 0 0 0 0.999 0 0 0 0 0 0
"13" 0.001 0.001 0 0 0 0.01 0 0 0.002 0.003 0.929 0 0.004 0.004 0.04 0.003 0 0 0 0.002
"14" 0.014 0.09 0.024 0 0.016 0.003 0 0.01 0.014 0.001 0.005 0.009 0.001 0.008 0.011 0.769 0.018 0 0.005 0.001
"15" 0 0 0 0 0 0 0 0 0 0 0 0 0 0 0 0.999 0 0 0 0
"16" 0 0.004 0 0 0.003 0.001 0 0 0.008 0.006 0.136 0 0.003 0.773 0.001 0.008 0 0.001 0.053 0.003
"17" 0 0 0 0 0 0 0 0 0 0.001 0.057 0 0 0.921 0 0.001 0 0.005 0.014 0.001
"18" 0 0 0 0 0 0 0 0 0 0 0 0 0 0 0 0.999 0 0 0 0
"19" 0 0 0 0 0 0 0 0 0 0 0 1 0 0 0 0 0 0 0 0
"20" 0 0 0 0 0 0 0 0 0 0.001 0 0 0 0 0 0 0 0 0 0.999
"21" 0 0 0 0 0 0 0 0 0 0 0 0 0 0 0 0 0 0 1 0
"22" 0.003 0.874 0.002 0 0.001 0.006 0 0.002 0.007 0.001 0.002 0.063 0.007 0 0.001 0.009 0.02 0 0 0.001
"23" 0.001 0 0 0 0 0 0 0 0 0.058 0.738 0 0.017 0.06 0 0.001 0 0 0.001 0.124
"24" 0 0.999 0 0 0 0 0 0 0 0 0 0 0 0 0 0 0 0 0 0
"25" 0 0.999 0 0 0 0 0 0 0 0 0 0 0 0 0 0 0 0 0 0
"26" 0 0.046 0 0 0 0.001 0 0 0 0 0 0.953 0 0 0 0 0 0 0 0
"27" 0.299 0.001 0.126 0.003 0 0.001 0 0.003 0.001 0.002 0 0.002 0 0 0.002 0.151 0.406 0 0 0.002
"28" 0 0 0 0 0 0 0 0 0 0.968 0.002 0 0.014 0 0 0 0 0 0 0.016
"29" 0.033 0.001 0.02 0 0.002 0 0 0.001 0.001 0.092 0.005 0.001 0.005 0.002 0.004 0.382 0.434 0 0.001 0.017
"30" 0 0 0 0 0 0 0 0 0 0.001 0.086 0 0 0.908 0 0 0 0 0.003 0
"31" 0.001 0.001 0 0 0.974 0 0 0 0 0 0.001 0 0 0.002 0 0.017 0 0 0.002 0
"32" 0.001 0 0 0 0 0 0 0 0 0 0 0 0 0 0 0.003 0.996 0 0 0
"33" 0.948 0 0 0 0 0 0 0 0 0 0 0 0 0 0 0.005 0.046 0 0 0.001
"34" 0 0 0 0 1 0 0 0 0 0 0 0 0 0 0 0 0 0 0 0
"35" 0 0 0 0 0 0 0 0 0 0.048 0.736 0 0.009 0.191 0 0.001 0 0 0.002 0.012
"36" 0 0 0 0 0 0 0.001 0.999 0 0 0 0 0 0 0 0 0 0 0 0
"37" 0 0 0 0 0 0 0 0 0 0.001 0 0 0 0 0 0 0 0 0 0.999
"38" 0 0 0 0 0 0 0 0 0 0.001 0.965 0 0.001 0.031 0 0 0 0 0 0.001
"39" 0 0 0 0 0 0 0 0 0 0 0 0 0 0 0 0 1 0 0 0
"40" 0 0 0.981 0.001 0 0 0 0 0.015 0 0 0 0 0 0 0.002 0 0 0 0
"41" 0 0 0 0 0 0 0 0 0 0 0 0 0 0 0 0.999 0 0 0 0
"42" 1 0 0 0 0 0 0 0 0 0 0 0 0 0 0 0 0 0 0 0
"43" 0 0 0 0 0 0 0 0 0 0.999 0 0 0 0 0 0 0 0 0 0.001
"44" 0 0 0 0 0.001 0 0 0 0.114 0 0 0 0 0.023 0 0 0 0 0.861 0
"45" 0 0 0 0 0 0 0 0 0 0 0 0 0 0 0 0.999 0 0 0 0
"46" 0.001 0 0 0 0 0 0 0 0 0 0 0 0.001 0 0 0.001 0.997 0 0 0
"47" 0 0 0 0 0 0 0 0 0 0 0 0 0 0.999 0 0 0 0 0 0
"48" 0.004 0.781 0.019 0 0.002 0.01 0 0.003 0.022 0.012 0.004 0.104 0.003 0 0.001 0.017 0.012 0 0.001 0.003
"49" 0 0 0 0 1 0 0 0 0 0 0 0 0 0 0 0 0 0 0 0
"50" 0.001 0.001 0.001 0 0.379 0 0 0 0.007 0.001 0.003 0 0 0.245 0 0.035 0.001 0 0.326 0.001
"51" 0 0.999 0 0 0 0 0 0 0 0 0 0 0 0 0 0 0 0 0 0
"52" 0 0 0 0 0 0 0 0 0 0.851 0.001 0 0.002 0 0 0 0 0 0 0.146
"53" 0 0 0 0 0 0 0 0 0 0.969 0.002 0 0.005 0 0 0 0.001 0 0 0.022
"54" 0 0 0 0 0 0 0 0 0 0.999 0 0 0 0 0 0 0 0 0 0.001
"55" 0.016 0.006 0.004 0 0.002 0.002 0 0.014 0.002 0.053 0.311 0.002 0.443 0.011 0.005 0.051 0.024 0 0.001 0.051
"56" 0 0 0 0 0 0 1 0 0 0 0 0 0 0 0 0 0 0 0 0
"57" 0 0 0 0 0 0 0 0 0 0 1 0 0 0 0 0 0 0 0 0
"58" 0 0 0 0 0 0 0 0 0 0 0 0 0 0 1 0 0 0 0 0
"59" 0 0 0 0 0 0 0 0 0 0 0 0 0 0 0 0.999 0 0 0 0
"60" 0 0 0 0 0 0 0 0 0 0.002 0.981 0 0.015 0.001 0 0 0 0 0 0.001
"61" 0.416 0.023 0.01 0.001 0.003 0.001 0.001 0.215 0.001 0 0 0.003 0 0 0.007 0.292 0.023 0 0 0.002
"62" 0 0 0 0 0 0 0 0 0 0 0 0 0 0 0 0 0 0 1 0
"63" 0 0 0 0 0 0 0 0 0 0 0 0 0 0 0 0.999 0 0 0 0
"64" 0 0 0 0 0 0 0 0 1 0 0 0 0 0 0 0 0 0 0 0
"65" 0 0 0 0 0 0 0 0 0 0.019 0 0 0 0 0 0 0 0 0 0.98
"66" 0 0 0 0 0 0 0 0 0 0 0 0 0 0 0 0 0 0 1 0
"67" 1 0 0 0 0 0 0 0 0 0 0 0 0 0 0 0 0 0 0 0
"68" 0.001 0 0.003 0.99 0 0 0.004 0 0 0 0 0 0 0 0 0 0 0 0 0.001
"69" 0.355 0.001 0.008 0 0.003 0 0 0.007 0 0.008 0.003 0 0.001 0.001 0.006 0.506 0.058 0 0 0.04
"70" 0 0 0 0 0 0 0 0 0 0 0 0 0 0.999 0 0 0 0 0 0
"71" 0 0 0 0 0 0 0 0 0 0.001 0 0 0 0 0 0 0 0 0 0.999
"72" 0 0 0 0 0 0 0 0 0 0.97 0.007 0 0.004 0 0 0 0 0 0 0.018
"73" 0 0.988 0 0 0 0.001 0 0 0.001 0 0 0.009 0 0 0 0 0 0 0 0
"74" 0.001 0 0 0 0 0 0 0.998 0 0 0 0 0 0 0 0.001 0 0 0 0
"75" 0 0 0 0 0 0 0 0 0 0.009 0.018 0 0.001 0.945 0 0.001 0 0 0.007 0.019
"76" 0 0.005 0.01 0 0 0.077 0 0 0.902 0 0 0.001 0 0 0 0.001 0 0 0.002 0
"77" 0 0 0 0 0 0 0 0 0 0 1 0 0 0 0 0 0 0 0 0
"78" 0.001 0.064 0.241 0.004 0 0.141 0.004 0.001 0.1 0 0 0.42 0 0 0.001 0.014 0.004 0 0.005 0
"79" 0 0 0 0 0 1 0 0 0 0 0 0 0 0 0 0 0 0 0 0
"80" 0 0 0 0 0 0 0 0 0 0.945 0.002 0 0.035 0 0 0 0 0 0 0.017
"81" 0 0 0 0 0 0 1 0 0 0 0 0 0 0 0 0 0 0 0 0
"82" 0 0 0 0 0 0 0 0 0 0 0 0 0 0 1 0 0 0 0 0
"83" 0 0 0 0 0 0 0 1 0 0 0 0 0 0 0 0 0 0 0 0
"84" 0.004 0 0.004 0 0.001 0 0 0.028 0 0 0 0 0 0 0.001 0.959 0.002 0 0 0
"85" 0.001 0.695 0.01 0 0.001 0.027 0 0.001 0.209 0 0 0.036 0 0 0.002 0.008 0.007 0 0.002 0
"86" 0 0 0 0 0 0 0 1 0 0 0 0 0 0 0 0 0 0 0 0
"87" 0 0 0 0 0 0 0 0 0 0 0 1 0 0 0 0 0 0 0 0
"88" 0 0 0 0 0 0 0 0 0 0.999 0 0 0 0 0 0 0 0 0 0.001
"89" 1 0 0 0 0 0 0 0 0 0 0 0 0 0 0 0 0 0 0 0
"90" 0 0 0 1 0 0 0 0 0 0 0 0 0 0 0 0 0 0 0 0
"91" 0 0 0 0 0 0 0 0 0 0 0 0 0 0.999 0 0 0 0 0 0
"92" 0 0 1 0 0 0 0 0 0 0 0 0 0 0 0 0 0 0 0 0
"93" 0 0 0 0 0 0 0 0 0 0 0 0 0 0 0 0 0 0 1 0
"94" 0 0 0 0 0 0 0 0 0 0 0 1 0 0 0 0 0 0 0 0
"95" 0 0 0 0 0 0 0 0 0 0.001 0 0 0 0 0 0 0 0 0 0.999
"96" 0 0 0 0 0 0 0 0 0 0 0 0 0 0 1 0 0 0 0 0
"97" 0.897 0.017 0.004 0.001 0.001 0.004 0.001 0.006 0.007 0 0 0.003 0 0 0.007 0.034 0.016 0 0 0.002
"98" 0 0 1 0 0 0 0 0 0 0 0 0 0 0 0 0 0 0 0 0
"99" 0 0 0 0 0 0 0 0 0 0 0 0 0 0.999 0 0 0 0 0 0
"100" 0 0 0 0 1 0 0 0 0 0 0 0 0 0 0 0 0 0 0 0
"101" 0 0 0 0 0 0 0 1 0 0 0 0 0 0 0 0 0 0 0 0
"102" 0 0 0 0 1 0 0 0 0 0 0 0 0 0 0 0 0 0 0 0
"103" 0 0 0 0 0 0 0 0 0 0.001 0 0 0 0 0 0 0 0 0 0.999
"104" 0 0 0 0 0 0 0 0 0 0.999 0 0 0 0 0 0 0 0 0 0.001
"105" 1 0 0 0 0 0 0 0 0 0 0 0 0 0 0 0 0 0 0 0
"106" 0.029 0.022 0.012 0 0.001 0.006 0.001 0.001 0.003 0.471 0.049 0.04 0.045 0.002 0.025 0.03 0.072 0 0.001 0.19
"107" 0 0 1 0 0 0 0 0 0 0 0 0 0 0 0 0 0 0 0 0
"108" 0 0 0 0 0 0 0 0 0 0 0 0 0 0 0 0.999 0 0 0 0
"109" 0 0 1 0 0 0 0 0 0 0 0 0 0 0 0 0 0 0 0 0
"110" 0 0.006 0.014 0 0 0.001 0 0 0 0 0 0.978 0 0 0 0 0 0 0 0
"111" 0 0 0 0 0 0 0 0 0 0 1 0 0 0 0 0 0 0 0 0
"112" 0 0 0.001 0.998 0 0 0.001 0 0 0 0 0 0 0 0 0 0 0 0 0
"113" 0.002 0.001 0.005 0 0.001 0 0 0.001 0 0 0 0 0 0 0.001 0.984 0.003 0 0 0
"114" 0 0 0 0 0 0 0 1 0 0 0 0 0 0 0 0 0 0 0 0
"115" 0.001 0.003 0 0 0 0.077 0 0 0.022 0 0.001 0.001 0 0 0.889 0.004 0 0 0 0
"116" 0 0 0 0 0 0 0 0 0 0 0 0 0 0 0 0 0 0 1 0
"117" 0 0 0 0 0 0 0 0 0 0.01 0.085 0 0.001 0.892 0 0.001 0 0 0.008 0.003
"118" 0 0 0 0 0 0 0 0 0 0 0 1 0 0 0 0 0 0 0 0
"119" 0 0.999 0 0 0 0 0 0 0 0 0 0 0 0 0 0 0 0 0 0
"120" 0 0 0 0 0 0 0 0 0 0 0 0 1 0 0 0 0 0 0 0
"121" 0 0 0 0 0 0 0 0 0 0 0.001 0 0 0.982 0 0 0 0 0.017 0
"122" 0 0.999 0 0 0 0 0 0 0 0 0 0 0 0 0 0 0 0 0 0
"123" 0 0 0 0 0 0 0 0 1 0 0 0 0 0 0 0 0 0 0 0
"124" 0.001 0 0 0 0 0 0 0.988 0 0 0 0 0 0 0 0.01 0 0 0 0
"125" 0 0 0.995 0.001 0 0 0 0 0 0 0 0.002 0 0 0 0.001 0 0 0 0
"126" 0 0 0 0 0 0 0 0 0 0.005 0.99 0 0.003 0.001 0 0 0 0 0 0.002
"127" 0 0 0 0 0 0 0 0 0 0 0 1 0 0 0 0 0 0 0 0
"128" 0.001 0.001 0.002 0 0.003 0.001 0 0 0.009 0.011 0.711 0 0.007 0.176 0.003 0.023 0.002 0 0.045 0.005
"129" 0 0 0 0 0 0 0 0 0 0 0 0 0 0.999 0 0 0 0 0 0
"130" 0 0.019 0.001 0 0 0.918 0.001 0 0.014 0 0.021 0.019 0.001 0 0.002 0.001 0 0 0 0
"131" 0 0.999 0 0 0 0 0 0 0 0 0 0 0 0 0 0 0 0 0 0
"132" 0.002 0 0.003 0.002 0.001 0 0 0 0.002 0.059 0.104 0 0.698 0.076 0 0.007 0.005 0 0.007 0.032
"133" 0 0 0 0 0 0 0 0 0 0.999 0 0 0 0 0 0 0 0 0 0.001
"134" 0 0 0 0 0 0 0 0 0 0 0 0 0 0 0 0.999 0 0 0 0
"135" 0 0 0 0 0 1 0 0 0 0 0 0 0 0 0 0 0 0 0 0
"136" 0 0.006 0.001 0 0 0.003 0.015 0 0 0 0 0.976 0 0 0 0 0 0 0 0
"137" 0 0 0 0 0 0 0 0 0 0 0 1 0 0 0 0 0 0 0 0
"138" 0 0 1 0 0 0 0 0 0 0 0 0 0 0 0 0 0 0 0 0
"139" 0 0 0 0 1 0 0 0 0 0 0 0 0 0 0 0 0 0 0 0
"140" 0 0 0 0 0 0 0 0 0 0 0 0 0 0 0 0 0 0 1 0
"141" 0.004 0.001 0.011 0 0.018 0 0 0.001 0.01 0.001 0.007 0 0 0.299 0.003 0.489 0.005 0 0.15 0.001
"142" 0 0 0 0 0 0 0 0 0 0 0 0 0 0 1 0 0 0 0 0
"143" 0 0 0 0 0 0 0 0 0 0 1 0 0 0 0 0 0 0 0 0
"144" 0 0 0 0 0 0 0 0 0 0 1 0 0 0 0 0 0 0 0 0
"145" 0.072 0.001 0.006 0 0.001 0 0 0.002 0 0 0 0 0 0 0.048 0.852 0.017 0 0 0
"146" 0 0 0 0 0 0 0 0 0 0 0 0 0 0 0 0 0 0 1 0
"147" 0 0 0 0 0 0 0 1 0 0 0 0 0 0 0 0 0 0 0 0
"148" 0 0 0 0 0 0 0 0 0 0 0 0 0 0.999 0 0 0 0 0 0
"149" 0 0 0 0 0 0 0 0 0.94 0 0 0 0 0 0 0 0 0 0.059 0
"150" 0 0 0 0 0 0 0 0 0 0 0 0 0 0 1 0 0 0 0 0
"151" 0 0 0 0 0 0 0 0 0 0 0 0 0 0 0 0 1 0 0 0
"152" 0.001 0 0.001 0 0 0 0 0 0 0 0 0 0 0 0 0.002 0.996 0 0 0
"153" 0 0 0 0 0 0 0 1 0 0 0 0 0 0 0 0 0 0 0 0
"154" 0 0.999 0 0 0 0 0 0 0 0 0 0 0 0 0 0 0 0 0 0
"155" 0 0 0.001 0.009 0 0 0.001 0.988 0 0 0 0 0 0 0 0.001 0 0 0 0
"156" 0 0 0 0 0 0 0 0 0 0 0 0 0 0 0 0 0 1 0 0
"157" 0 0 0 0 0 0.998 0 0 0.001 0 0 0 0 0 0 0 0 0 0 0
"158" 0 0 0 0 0 0 0 0 0 0 0 0 0 0 1 0 0 0 0 0
"159" 0 0 0 0 0 0 0 0 1 0 0 0 0 0 0 0 0 0 0 0
"160" 0 0.11 0 0 0 0.001 0 0 0 0 0 0.888 0 0 0 0 0 0 0 0
"161" 0 0 0 0 0 0 0 0 0 0 0 0 0 0 0 0.999 0 0 0 0
"162" 0 0 0 0 0 0 0 0 0 0.001 0 0 0 0 0 0 0 0 0 0.999
"163" 0 0 0 0 0 0 0 0 0 0.001 0 0 0 0 0 0 0 0 0 0.999
"164" 0 0 0 0 0 0 0 0 0 0 1 0 0 0 0 0 0 0 0 0
"165" 0.028 0.001 0.014 0 0.001 0 0 0.001 0 0.016 0.001 0.001 0.002 0.001 0.003 0.34 0.586 0 0 0.005
"166" 0 0 0 0 0 0 0 0 0 0.001 0 0 0 0 0 0 0 0 0 0.999
"167" 0.007 0.004 0.079 0.5 0.009 0.005 0.331 0.014 0.008 0 0 0.008 0 0 0 0.029 0.003 0 0.002 0.001
"168" 0 0 0 0 0 1 0 0 0 0 0 0 0 0 0 0 0 0 0 0
"169" 0.04 0.001 0.007 0 0.003 0 0 0.003 0 0.008 0.003 0 0.001 0.002 0.003 0.874 0.027 0 0 0.027
"170" 0 0 0 0 0 0 0 0 1 0 0 0 0 0 0 0 0 0 0 0
"171" 1 0 0 0 0 0 0 0 0 0 0 0 0 0 0 0 0 0 0 0
"172" 0.003 0 0.003 0 0 0 0 0.007 0 0 0 0 0 0 0.001 0.983 0.002 0 0 0
"173" 0 0 0.003 0 0 0.001 0 0 0.994 0 0 0 0 0 0 0 0 0 0.001 0
"174" 0 0 0 0 0 0 0 0 0 0 0 0 0 0 1 0 0 0 0 0
"175" 0.002 0.014 0.259 0.004 0.001 0.025 0 0.001 0.474 0.007 0.095 0.007 0.005 0.013 0.006 0.051 0.007 0 0.025 0.002
"176" 0 0 0 0 0.991 0 0 0 0 0 0 0 0 0 0 0 0 0 0.008 0
"177" 0 0 0 0 0 0 0 0 0 0 0 0 0 0 0 0 1 0 0 0
"178" 0.941 0 0 0 0 0 0 0.001 0 0 0 0 0 0 0.001 0.05 0.006 0 0 0
"179" 0 0 0 0 0 0 0 0 0 0 0 0 0 0.999 0 0 0 0 0 0
"180" 0 0 0 0 0 0 0 1 0 0 0 0 0 0 0 0 0 0 0 0
"181" 0.004 0.009 0.008 0 0.002 0.002 0 0 0.005 0.49 0.108 0.019 0.044 0.172 0.001 0.022 0.017 0 0.016 0.08
"182" 0 0 0.002 0 0.005 0 0 0 0.011 0 0 0 0 0.021 0 0.016 0 0 0.943 0
