"A" "R" "N" "D" "C" "Q" "E" "G" "H" "I" "L" "K" "M" "F" "P" "S" "T" "W" "Y" "V"
"1" 0.003 0.001 0.005 0.001 0.027 0 0 0.003 0 0 0 0.001 0 0.001 0.001 0.951 0.003 0 0.002 0
"2" 0.023 0.001 0.016 0.014 0 0.001 0.004 0.002 0.001 0.536 0.018 0.003 0.016 0.005 0.001 0.013 0.045 0 0.004 0.296
"3" 0 0 0 0 0 0 0 0 0 0 0 0 0 0 1 0 0 0 0 0
"4" 0 0.002 0 0 0 0 0 0 0 0 0 0.997 0 0 0 0 0 0 0 0
"5" 0 0.998 0 0 0 0 0 0 0 0 0 0.002 0 0 0 0 0 0 0 0
"6" 0 0 0 0 1 0 0 0 0 0 0 0 0 0 0 0 0 0 0 0
"7" 0 0 0.066 0.931 0 0 0.001 0 0 0 0 0 0 0 0 0.001 0 0 0 0
"8" 0.383 0.006 0.013 0.003 0 0.012 0.006 0.003 0.002 0.045 0.004 0.012 0.005 0.001 0.005 0.061 0.367 0 0 0.073
"9" 0.007 0.046 0.557 0.102 0 0.009 0.027 0.01 0.005 0.001 0 0.124 0 0 0.002 0.08 0.029 0 0.001 0.001
"10" 0 0 0 0 0 0 1 0 0 0 0 0 0 0 0 0 0 0 0 0
"11" 0 0 0 0 0 0 0 0 0 0.997 0 0 0 0 0 0 0 0 0 0.002
"12" 0 0 0 0 0 0 0 0 0 0 0 0 0 0.999 0 0 0 0 0 0
"13" 0.003 0.002 0.843 0.053 0 0.001 0.002 0.002 0.002 0 0 0.006 0 0 0.005 0.069 0.012 0 0 0
"14" 0.004 0.079 0.396 0.059 0 0.033 0.016 0.004 0.092 0.003 0.003 0.147 0.002 0.011 0.002 0.071 0.025 0 0.05 0.002
"15" 0 0 0 0 0 0 0 0 0 0 0 0 0 0 0 0 1 0 0 0
"16" 0 0 0 0 0 0 0 0 0 0 0 0 0 0 0 0.999 0 0 0 0
"17" 0 0 0 0 0 0 0 0 0 0 0 0 0 0 0 0 1 0 0 0
"18" 0 0 0 0 0 0 0 0 0 0.006 0.981 0 0.004 0.005 0 0 0 0 0 0.002
"19" 0 0 0 0 0 0 0 0 0 0.997 0 0 0 0 0 0 0 0 0 0.002
"20" 0 0 0 0 0 0 0 0 0 0.003 0 0 0 0 0 0 0 0 0 0.997
"21" 0 0 0 0 0 0 0 0 0 0 0 0 0 0.001 0 0 0 0 0.999 0
"22" 0 0 0 0 0 0 0 0 0 0 0 0 0 0.001 0 0 0 0 0.999 0
"23" 0 0 0 0 0 0 0 0 0 0 0 0 0 0 0 0 0 1 0 0
"24" 0.139 0.046 0.03 0.053 0 0.032 0.251 0.044 0.005 0.045 0.009 0.093 0.011 0.003 0.005 0.057 0.072 0.001 0.003 0.102
"25" 0.027 0.017 0.002 0.001 0 0.007 0.002 0.002 0.002 0.286 0.041 0.015 0.05 0.005 0.001 0.008 0.034 0.001 0.001 0.498
"26" 0 0.002 0 0 0 0 0 0 0 0 0 0.997 0 0 0 0 0 0 0 0
"27" 0.006 0 0 0 0 0 0 0 0 0.06 0.003 0 0.004 0 0 0.001 0.003 0 0 0.921
"28" 0 0 0 0 0 0 0 0 0 0.061 0.908 0 0.012 0.004 0 0 0 0 0 0.014
"29" 0.023 0.234 0.064 0.008 0 0.12 0.015 0.006 0.018 0.006 0.003 0.284 0.003 0.001 0.004 0.066 0.14 0.001 0.001 0.004
"30" 0 0 0.999 0.001 0 0 0 0 0 0 0 0 0 0 0 0 0 0 0 0
"31" 0 0 0 0 1 0 0 0 0 0 0 0 0 0 0 0 0 0 0 0
"32" 0.002 0 0 0 0 0 0 0 0.002 0.268 0.139 0 0.02 0.386 0 0.004 0.005 0 0.056 0.114
"33" 0 0.003 0 0 0 0 0 0 0 0 0.001 0.001 0 0.002 0 0.002 0.001 0.989 0.001 0
"34" 0.007 0.009 0.086 0.022 0 0.015 0.002 0.002 0.084 0.038 0.077 0.012 0.016 0.126 0.003 0.089 0.03 0.001 0.362 0.02
"35" 0 0 0 0 0 0 0 0 0 0.06 0.658 0 0.119 0.122 0 0.001 0.001 0 0.01 0.027
"36" 0 0 0 0 0 0 0 0 0 0 0 0 0 0 0 0.999 0 0 0 0
"37" 0.004 0.084 0.053 0.017 0 0.065 0.011 0.003 0.34 0.004 0.007 0.076 0.003 0.038 0.003 0.043 0.014 0.001 0.231 0.002
"38" 0.024 0.128 0.049 0.005 0 0.043 0.007 0.016 0.016 0.008 0.03 0.086 0.004 0.006 0.154 0.372 0.043 0.001 0.003 0.005
"39" 0 0 0 0 0 0 0 0 0 0.997 0 0 0 0 0 0 0 0 0 0.002
"40" 0.039 0.017 0.261 0.224 0 0.009 0.166 0.021 0.004 0.002 0 0.069 0 0 0.005 0.109 0.069 0 0.001 0.002
"41" 0 0 0 0.999 0 0 0 0 0 0 0 0 0 0 0 0 0 0 0 0
"42" 0 0.863 0.001 0 0 0.01 0.002 0.001 0.001 0 0 0.117 0 0 0 0.002 0.001 0 0 0
"43" 0 0 0 0 0 0 0 0 0 0 0 0 0 0.001 0 0 0 0 0.999 0
"44" 0 0 0 0 0 0 0 0 0 0 0 0 0 0 0 0 0 1 0 0
"45" 0 0 0 0 0 0 0 0 0 0 0 0 0 0 0 0.999 0 0 0 0
"46" 0.002 0.005 0.001 0 0 0.065 0 0 0.005 0.041 0.795 0.004 0.022 0.013 0.003 0.005 0.005 0 0.004 0.032
"47" 0 0 0 0 0 0 0 0 0.001 0 0.001 0 0 0.909 0 0 0 0 0.088 0
"48" 0 0.95 0 0 0 0.001 0 0 0 0 0 0.047 0 0 0 0 0 0 0 0
"49" 0.003 0.002 0.001 0 0 0.002 0 0 0.003 0.193 0.332 0.003 0.031 0.284 0.001 0.009 0.007 0.001 0.023 0.105
"50" 0 0 0 0 0 0 0 0 0 0 0 0 0 0.001 0 0 0 0 0.999 0
"51" 0 0 0 0 0 0 0 1 0 0 0 0 0 0 0 0 0 0 0 0
"52" 0 0 0 0 0 0 0 0 0 0.003 0 0 0 0 0 0 0 0 0 0.997
"53" 0.003 0.092 0.006 0.001 0 0.01 0.007 0.001 0.001 0.006 0.002 0.842 0.005 0.001 0 0.004 0.015 0 0 0.004
"54" 0 0 0 0 0 0 0 0 0 0 0 0 0 0 1 0 0 0 0 0
"55" 0 0.002 0.001 0 0 0.019 0 0 0.916 0.001 0.008 0.001 0 0.005 0.001 0.001 0 0 0.044 0
"56" 0.013 0.006 0.037 0.004 0 0.002 0.001 0.007 0.001 0.001 0.001 0.006 0 0.001 0.007 0.897 0.017 0 0 0
"57" 1 0 0 0 0 0 0 0 0 0 0 0 0 0 0 0 0 0 0 0
"58" 0.001 0.001 0.901 0.036 0 0.001 0.001 0.001 0.012 0 0 0.002 0 0.001 0 0.022 0.003 0 0.018 0
"59" 0 0 0.001 0.061 0 0 0.935 0.001 0 0 0 0.001 0 0 0 0 0 0 0 0
"60" 0.009 0.007 0.001 0 0 0.132 0.001 0 0.007 0.12 0.442 0.007 0.037 0.012 0.003 0.008 0.014 0 0.004 0.195
"61" 0 0 0 0 1 0 0 0 0 0 0 0 0 0 0 0 0 0 0 0
"62" 0 0 0 0 0 0 0 0 0 0 0 0 0 0 0 0 1 0 0 0
"63" 0.687 0.001 0.011 0.002 0 0.001 0.001 0.004 0 0.003 0.001 0.002 0 0 0.004 0.164 0.113 0 0 0.006
"64" 0 0 0 0 0 0.001 0 0 0.06 0 0.002 0 0 0.118 0 0.001 0 0 0.817 0
"65" 0.003 0 0 0 0 0.001 0 0 0 0.267 0.219 0 0.115 0.008 0 0.001 0.004 0 0.001 0.381
"66" 0.071 0.001 0.007 0.001 0 0 0 0 0 0.005 0 0.002 0.001 0 0.001 0.026 0.88 0 0 0.004
"67" 0 0.078 0.001 0 0 0.048 0.003 0 0.001 0 0 0.867 0 0 0 0 0.001 0 0 0
"68" 0 0 0 0.999 0 0 0 0 0 0 0 0 0 0 0 0 0 0 0 0
"69" 0 0 0 0 0 0 0 0 0 0 0 0 0 0 0 0.999 0 0 0 0
"70" 0 0 0 0 1 0 0 0 0 0 0 0 0 0 0 0 0 0 0 0
"71" 0 0.001 0 0 0 0.028 0 0 0.001 0.005 0.951 0.001 0.004 0.003 0.001 0.001 0.001 0 0.001 0.003
"72" 0 0 0 0 0 0 0 0 0 0.997 0 0 0 0 0 0 0 0 0 0.002
"73" 0 0.998 0 0 0 0 0 0 0 0 0 0.002 0 0 0 0 0 0 0 0
"74" 0.016 0.001 0.001 0.002 0 0 0.003 0.967 0 0 0 0 0 0 0 0.009 0.001 0 0 0
"75" 0 0 0 0 0 0 0 0 0.002 0.001 0.009 0 0 0.88 0 0.002 0 0 0.105 0.001
"76" 0 0.008 0.003 0.002 0 0.08 0.001 0 0.884 0 0 0.004 0 0 0.001 0.001 0 0 0.016 0
"77" 0 0 0 0 0 0 0 0 0 0 0.999 0 0 0 0 0 0 0 0 0
"78" 0 0.998 0 0 0 0 0 0 0 0 0 0.002 0 0 0 0 0 0 0 0
"79" 0 0 0 0 0 1 0 0 0 0 0 0 0 0 0 0 0 0 0 0
"80" 0 0 0 0 0 0 0 0 0 0.997 0 0 0 0 0 0 0 0 0 0.002
"81" 1 0 0 0 0 0 0 0 0 0 0 0 0 0 0 0 0 0 0 0
"82" 0 0 0 0 0 0 0 0 0 0 0 0 0 0 1 0 0 0 0 0
"83" 0 0 0 0 0 0 0 1 0 0 0 0 0 0 0 0 0 0 0 0
"84" 0.006 0.022 0.004 0.001 0 0.897 0.005 0.001 0.015 0.001 0.003 0.023 0 0 0.003 0.007 0.011 0 0 0.002
"85" 0.002 0.001 0.091 0.003 0 0 0 0.001 0 0 0 0.001 0 0 0.001 0.893 0.005 0 0 0
"86" 0 0 0 0 0 0 0 1 0 0 0 0 0 0 0 0 0 0 0 0
"87" 0.007 0.04 0.586 0.028 0 0.007 0.01 0.006 0.003 0.001 0 0.126 0 0 0.002 0.149 0.032 0 0.001 0
"88" 0 0 0 0 0 0 0 0 0 0.997 0 0 0 0 0 0 0 0 0 0.002
"89" 1 0 0 0 0 0 0 0 0 0 0 0 0 0 0 0 0 0 0 0
"90" 0.002 0.001 0.932 0.025 0 0.001 0.001 0.001 0.001 0.001 0 0.004 0 0 0 0.022 0.01 0 0 0
"91" 0 0 0 0 0 0 0 0 0 0 0 0 0 0.999 0 0 0 0 0 0
"92" 0 0 0.999 0.001 0 0 0 0 0 0 0 0 0 0 0 0 0 0 0 0
"93" 0 0 0 0 0 0 0 0 0 0 0 0 0 0.001 0 0 0 0 0.999 0
"94" 0 0.002 0 0 0 0 0 0 0 0 0 0.997 0 0 0 0 0 0 0 0
"95" 0.02 0.013 0.006 0.002 0 0.018 0.003 0.002 0.003 0.244 0.293 0.014 0.072 0.024 0.003 0.027 0.035 0.001 0.005 0.214
"96" 0 0 0 0 0 0 0 0 0 0 0 0 0 0 1 0 0 0 0 0
"97" 0 0 0 0 0 0 1 0 0 0 0 0 0 0 0 0 0 0 0 0
"98" 0.041 0.243 0.048 0.005 0 0.03 0.011 0.013 0.009 0.012 0.007 0.216 0.005 0.003 0.005 0.117 0.177 0.046 0.003 0.009
"99" 0 0 0 0 0 0 0 0 0 0 0 0 0 0.999 0 0 0 0 0 0
"100" 0.004 0 0 0 0 0.001 0 0 0 0.561 0.22 0 0.045 0.009 0 0.003 0.013 0 0.001 0.141
"101" 0 0 0 0 0 0 0 1 0 0 0 0 0 0 0 0 0 0 0 0
"102" 0 0 0 0 0 0 0 0 0 0 0 0 0 0 0 0.999 0 0 0 0
"103" 0.067 0.001 0.002 0.002 0 0.001 0.002 0.014 0 0.178 0.014 0.001 0.013 0.003 0.001 0.011 0.028 0 0.001 0.66
"104" 0 0 0 0 0 0 0 0 0 0.997 0 0 0 0 0 0 0 0 0 0.002
"105" 0.99 0 0 0 0 0 0 0 0 0 0 0 0 0 0 0.002 0.007 0 0 0.001
"106" 0.003 0.01 0.001 0 0 0.002 0.001 0 0 0.037 0.023 0.019 0.857 0.002 0 0.002 0.013 0 0 0.029
"107" 0 0 0.999 0.001 0 0 0 0 0 0 0 0 0 0 0 0 0 0 0 0
"108" 0 0 0 0 0 0 0 0 0 0 0 0 0 0 0 0.999 0 0 0 0
"109" 0 0 0.999 0.001 0 0 0 0 0 0 0 0 0 0 0 0 0 0 0 0
"110" 0.015 0.103 0.155 0.027 0 0.077 0.009 0.01 0.192 0.002 0.004 0.066 0.001 0.006 0.02 0.25 0.032 0 0.028 0.002
"111" 0 0 0 0 0 0 0 0 0 0 0.999 0 0 0 0 0 0 0 0 0
"112" 0 0 0.008 0.982 0 0 0.005 0.003 0 0 0 0 0 0 0 0 0 0 0 0
"113" 0 0 0 0 0 0 0 0 0 0 0 0 0 0 0 0.999 0 0 0 0
"114" 0.027 0.122 0.05 0.006 0 0.028 0.015 0.003 0.008 0.017 0.007 0.463 0.007 0.006 0.003 0.055 0.169 0.001 0.003 0.01
"115" 0.001 0 0 0 0 0 0 0 0 0.039 0.001 0 0.002 0 0 0 0 0 0 0.957
"116" 0 0 0 0 0 0 0 0 0 0 0 0 0 0.001 0 0 0 0 0.999 0
"117" 0.177 0.009 0.035 0.006 0 0.003 0.005 0.017 0.001 0.003 0.001 0.01 0 0.001 0.013 0.64 0.073 0 0.001 0.005
"118" 0 0 0 0 0 0.001 0 0 0.104 0 0.001 0 0 0.012 0 0 0 0 0.88 0
"119" 0 0.998 0 0 0 0 0 0 0 0 0 0.002 0 0 0 0 0 0 0 0
"120" 0 0 0 0 0 0 1 0 0 0 0 0 0 0 0 0 0 0 0 0
"121" 0.023 0.024 0.189 0.195 0 0.019 0.129 0.015 0.031 0.009 0.007 0.099 0.002 0.02 0.004 0.151 0.03 0.001 0.042 0.009
"122" 0.091 0.002 0.013 0.001 0 0.002 0.001 0.001 0.001 0.041 0.003 0.004 0.005 0 0.01 0.044 0.751 0 0 0.03
"123" 0.985 0 0 0 0 0 0 0 0 0 0 0 0 0 0 0.002 0.01 0 0 0.001
"124" 0.191 0.007 0.032 0.015 0 0.005 0.01 0.029 0.002 0.112 0.008 0.012 0.012 0.002 0.003 0.08 0.313 0 0.001 0.166
"125" 0 0.951 0 0 0 0.005 0 0 0.002 0 0 0.04 0 0 0 0 0 0 0 0
"126" 0 0 0 0 0 0 0 0 0 0 0.999 0 0 0 0 0 0 0 0 0
"127" 0 0.998 0 0 0 0 0 0 0 0 0 0.002 0 0 0 0 0 0 0 0
"128" 0 0 0 0 0 0 0 0 0 0 0 0 0 0 1 0 0 0 0 0
"129" 0.002 0.003 0.009 0.002 0.389 0.001 0 0.003 0.02 0.001 0.002 0.001 0.001 0.047 0.001 0.127 0.003 0.001 0.386 0.001
"130" 0 0 0 0 0 0 1 0 0 0 0 0 0 0 0 0 0 0 0 0
"131" 0 0.998 0 0 0 0 0 0 0 0 0 0.002 0 0 0 0 0 0 0 0
"132" 0 0 0 0.999 0 0 0 0 0 0 0 0 0 0 0 0 0 0 0 0
"133" 0 0 0 0 0 0 0 0 0 0 0 0 0 0 0 0.999 0 0 0 0
"134" 0 0 0 0 0 0 0 0 0 0 0 0 0 0 0 0.999 0 0 0 0
"135" 0.006 0.003 0.007 0.025 0 0.002 0.925 0.009 0 0 0 0.011 0 0 0.001 0.009 0.002 0 0 0
"136" 0 0.002 0 0 0 0 0 0 0 0 0 0.997 0 0 0 0 0 0 0 0
"137" 0.014 0.032 0.039 0.046 0 0.012 0.019 0.662 0.028 0.001 0.001 0.015 0 0.001 0.005 0.109 0.007 0 0.007 0.002
"138" 0 0 0.001 0.02 0 0 0.003 0.972 0 0 0 0 0 0 0 0.002 0 0 0 0
"139" 0.009 0.171 0.239 0.034 0.029 0.012 0.011 0.019 0.019 0.002 0.001 0.17 0.001 0.003 0.002 0.226 0.031 0 0.018 0.002
"140" 0 0 0 0 0 0 0 0 0.011 0 0 0 0 0.006 0 0 0 0 0.983 0
"141" 0 0.002 0 0 0 0 0 0 0 0 0 0.997 0 0 0 0 0 0 0 0
"142" 0.004 0 0.001 0 0 0.001 0 0 0 0 0.001 0 0 0 0.961 0.02 0.011 0 0 0
"143" 0 0 0 0 0 0 0 0 0 0.038 0.942 0 0.009 0.003 0 0 0 0 0 0.008
"144" 0 0 0 0 0 0 0 1 0 0 0 0 0 0 0 0 0 0 0 0
"145" 0 0 0 0 0 0 0 0 0 0 0 0 0 0 0 0.999 0 0 0 0
"146" 0 0 0 0 0 0 0 0 0 0 0 0 0 0.001 0 0 0 0 0.999 0
"147" 0 0 0 0 0 0 0 1 0 0 0 0 0 0 0 0 0 0 0 0
"148" 0.001 0.001 0.008 0.001 0 0.001 0 0 0.008 0.007 0.018 0.002 0.001 0.79 0 0.034 0.002 0 0.122 0.003
"149" 0 0 0 0 0 0 0 0 1 0 0 0 0 0 0 0 0 0 0 0
"150" 0 0 0 0 0 0 0 0 0 0 0 0 0 0.999 0 0 0 0 0 0
"151" 0 0 0 0 0 0 0 0 0 0 0 0 0 0 0 0 1 0 0 0
"152" 0 0 0 0 0 0 0 0 0 0 0 0 0 0 0 0 0 1 0 0
"153" 0.005 0.003 0.001 0 0 0.006 0 0 0.001 0.191 0.527 0.003 0.063 0.022 0.001 0.005 0.008 0 0.002 0.162
"154" 0 0 0 0 0 0 0 0 0 0.853 0.091 0 0.013 0.002 0 0 0.001 0 0 0.04
"155" 0 0 0 0 0 0 0 1 0 0 0 0 0 0 0 0 0 0 0 0
"156" 0 0 0 0 0 0 0 0 0 0 0 0 0 0.001 0 0 0 0 0.999 0
"157" 0 0 0 0 0 1 0 0 0 0 0 0 0 0 0 0 0 0 0 0
"158" 0 0 0 0 0 0 0 0 0 0 0 0 0 0 1 0 0 0 0 0
"159" 0 0 0 0 0 0 0 0 0 0 0 0 0 0.999 0 0 0 0 0 0
"160" 0.289 0.016 0.019 0.003 0 0.007 0.008 0.004 0.002 0.038 0.004 0.032 0.009 0.001 0.004 0.074 0.435 0 0 0.052
"161" 0.044 0.047 0.067 0.008 0 0.151 0.008 0.009 0.051 0.015 0.048 0.043 0.003 0.026 0.03 0.33 0.079 0 0.025 0.015
"162" 0 0 0 0 0 0 0 0 0 0.003 0 0 0 0 0 0 0 0 0 0.997
"163" 0 0 0 0 0 0 0 0 0 0.003 0 0 0 0 0 0 0 0 0 0.997
"164" 0 0 0 0 0 0 0 0 0 0 0.999 0 0 0 0 0 0 0 0 0
"165" 0 0 0 0 0 0 0 0 0 0 0 0 0 0 0 0.999 0 0 0 0
"166" 0 0 0 0 0 0 0 0 0 0 0 0 0 0.999 0 0 0 0 0 0
"167" 0.003 0.002 0.041 0.625 0 0.001 0.295 0.012 0.001 0 0 0.008 0 0 0.002 0.007 0.002 0 0 0
"168" 0.01 0 0.003 0 0 0 0 0 0 0.001 0 0.001 0 0 0 0.008 0.975 0 0 0.001
"169" 0 0 0 0 1 0 0 0 0 0 0 0 0 0 0 0 0 0 0 0
"170" 1 0 0 0 0 0 0 0 0 0 0 0 0 0 0 0 0 0 0 0
"171" 0.001 0.046 0.002 0 0 0.897 0.003 0 0.014 0 0.001 0.03 0 0 0.001 0.003 0.001 0 0 0
"172" 0.026 0.001 0.007 0.001 0 0.003 0.001 0.001 0.001 0.002 0.002 0.002 0 0 0.761 0.078 0.111 0 0 0.002
"173" 0.037 0.132 0.095 0.034 0 0.032 0.074 0.01 0.008 0.056 0.014 0.258 0.016 0.005 0.003 0.053 0.122 0 0.003 0.045
"174" 0 0 0 0 1 0 0 0 0 0 0 0 0 0 0 0 0 0 0 0
"175" 0.002 0 0 0 0 0 0 0 0 0.158 0.065 0 0.019 0.003 0 0 0.002 0 0 0.751
"176" 0 0 0 0 1 0 0 0 0 0 0 0 0 0 0 0 0 0 0 0
"177" 0.008 0.003 0.004 0.007 0 0.001 0.007 0.904 0 0 0 0.002 0 0 0.009 0.052 0.001 0 0 0
"178" 0.209 0.004 0.014 0.002 0 0.006 0.002 0.005 0.002 0.043 0.054 0.005 0.007 0.013 0.022 0.458 0.096 0 0.003 0.053
"179" 0.11 0.003 0.047 0.064 0 0.003 0.021 0.012 0.003 0.137 0.011 0.008 0.014 0.004 0.002 0.04 0.112 0 0.004 0.406
"180" 0 0 0 0.999 0 0 0 0 0 0 0 0 0 0 0 0 0 0 0 0
"181" 0.782 0.001 0.004 0.002 0 0.001 0.01 0.005 0 0.017 0.001 0.003 0.001 0 0.002 0.033 0.083 0 0 0.054
"182" 0.001 0 0 0 0 0 0 0 0 0.039 0.001 0 0.002 0 0 0 0 0 0 0.957
