"A" "R" "N" "D" "C" "Q" "E" "G" "H" "I" "L" "K" "M" "F" "P" "S" "T" "W" "Y" "V"
"1" 0 0.001 0 0.001 0 0.993 0.003 0 0.001 0 0 0.001 0 0 0 0 0 0 0 0
"2" 0 0 0 0 0 0 0 0 0 0 1 0 0 0 0 0 0 0 0 0
"3" 0 0 0 0 0 0 0 0 0 0 1 0 0 0 0 0 0 0 0 0
"4" 0.007 0.165 0.024 0.006 0.001 0.38 0.012 0.004 0.237 0 0.002 0.032 0.001 0.001 0.005 0.102 0.015 0 0.004 0.001
"5" 0 0 0 0 0 0 0 0 0 0.046 0.938 0 0.006 0.002 0 0 0 0 0 0.008
"6" 0.027 0.009 0.008 0.018 0.002 0.024 0.112 0.048 0.006 0.036 0.301 0.013 0.281 0.009 0.004 0.033 0.021 0.001 0.004 0.044
"7" 0 0 0.09 0.903 0 0 0.003 0 0 0 0 0 0 0 0 0.002 0 0 0 0
"8" 0 0 0 0 0 0 0 0 0 0.007 0.316 0 0.004 0.656 0 0 0 0 0.012 0.004
"9" 0 0 0.889 0.103 0 0 0.001 0.001 0.001 0 0 0.001 0 0 0 0.003 0.001 0 0 0
"10" 0.3 0.004 0.011 0.029 0.001 0.014 0.289 0.014 0.002 0.001 0.001 0.009 0.001 0 0.007 0.279 0.033 0 0.001 0.005
"11" 0 0 0 0 0 0 0 0 0 0.973 0.002 0 0.001 0 0 0 0 0 0 0.024
"12" 0.031 0.075 0.014 0.005 0.005 0.015 0.005 0.009 0.023 0.006 0.023 0.019 0.005 0.076 0.204 0.402 0.044 0.001 0.028 0.01
"13" 0 0 1 0 0 0 0 0 0 0 0 0 0 0 0 0 0 0 0 0
"14" 0 0 0 0 0 0 1 0 0 0 0 0 0 0 0 0 0 0 0 0
"15" 0 0 0 0 0 0 0 0 0 0 0 0 0 0 0 0.999 0 0 0 0
"16" 0.001 0 0 0 0 0 0 0 0 0.034 0.005 0 0.012 0 0 0 0.001 0 0 0.947
"17" 0 0 0 0 0 0 0 0 0 0.999 0 0 0 0 0 0 0 0 0 0.001
"18" 0 0 0 0 0 0 0 0 1 0 0 0 0 0 0 0 0 0 0 0
"19" 0 0 0 0 0 0 0 0 0 0 0 0 0 0 0 0.999 0 0 0 0
"20" 0 0 0 0 0 0 0 0 0 0 0 0 0 0 0 0.999 0 0 0 0
"21" 0.009 0.001 0.004 0.001 0.001 0.001 0.001 0.002 0.001 0.001 0.014 0.001 0.002 0.002 0.002 0.936 0.019 0 0.001 0.002
"22" 0 0 0 0 0 0 0 0 0 0.002 0.021 0 0.976 0 0 0 0 0 0 0.001
"23" 0 0 0 0 0 0 0 0 0 0 0 0 0 0 0 0 0 1 0 0
"24" 0 0 0 0 0 0 0 0 0 0 0 0 0 0 0 0.999 0 0 0 0
"25" 0 1 0 0 0 0 0 0 0 0 0 0 0 0 0 0 0 0 0 0
"26" 0 0 0 0 0 0 0 0 0 0 0 0 0 0 0 0 1 0 0 0
"27" 0.001 0.007 0.003 0 0 0.003 0.002 0 0 0 0 0.945 0 0 0 0.005 0.033 0 0 0
"28" 0 0 0 0 0 0 0 0 0 0 0 0 0 0 0 0 0 0 1 0
"29" 0 0 0 0 0 0 0 0 0 0 0 0 0 0 0 0.999 0 0 0 0
"30" 0 0 0 0 0 0 0 1 0 0 0 0 0 0 0 0 0 0 0 0
"31" 0.002 0 0 0 0.98 0 0 0.002 0 0.003 0.001 0 0 0.001 0 0.004 0.001 0 0 0.005
"32" 0 0.001 0 0 0 0 0 0 0 0.001 0.003 0.005 0.988 0 0 0 0.001 0 0 0.001
"33" 0.972 0 0 0 0 0 0 0 0 0 0 0 0 0 0 0.007 0.018 0 0 0.001
"34" 0 0.001 0.009 0.955 0 0.001 0.019 0.001 0 0 0 0.01 0 0 0 0.002 0.001 0 0 0
"35" 0 0 0 0 0 0 0 0 0 0 0 0 0 0 0 0 0 0 1 0
"36" 0.004 0.002 0.011 0.002 0.001 0.003 0.001 0.002 0.02 0 0 0.001 0 0 0.002 0.937 0.012 0 0.001 0
"37" 0.044 0.014 0.158 0.026 0.004 0.019 0.014 0.01 0.057 0.029 0.024 0.02 0.008 0.018 0.176 0.153 0.076 0.001 0.071 0.078
"38" 0 0 0 0 0.001 0 0 0 0.005 0.01 0.414 0 0.008 0.14 0 0.001 0.001 0.001 0.411 0.007
"39" 0 0 0 0 0 0 0 0 0 0.001 0 0 0 0 0 0 0 0 0 0.999
"40" 0 0 0 0 0 0 0 0 0 0 0 0 0 0 0 0.999 0 0 0 0
"41" 0.003 0 0.002 0 0 0 0 0.001 0 0 0 0 0 0 0.001 0.954 0.037 0 0 0
"42" 0 0 0 0 0 0 0 1 0 0 0 0 0 0 0 0 0 0 0 0
"43" 0 0.905 0 0 0 0.079 0.001 0 0.002 0 0 0.011 0 0 0 0.001 0 0 0 0
"44" 0 0 0 0 0 0 0 0 0 0 0 0 0 1 0 0 0 0 0 0
"45" 0 0 0 0 0 0 0 0 0 0 0 0 0 0 0 0.999 0 0 0 0
"46" 0 0 0 0 0 0 0 0 0 0 0 0 0 0 0 0 1 0 0 0
"47" 0 0 0 0 0 0 0 0 0 0 0 0 0 1 0 0 0 0 0 0
"48" 0 1 0 0 0 0 0 0 0 0 0 0 0 0 0 0 0 0 0 0
"49" 0 0 1 0 0 0 0 0 0 0 0 0 0 0 0 0 0 0 0 0
"50" 0 0 0 0 0 0 0 0 0 0.001 0 0 0 0 0 0 0 0 0 0.999
"51" 0 0 0 0 0 0 0 1 0 0 0 0 0 0 0 0 0 0 0 0
"52" 0 0 0 0 0 0 0 0 0 0.086 0.002 0 0.001 0 0 0 0 0 0 0.91
"53" 0 0 0 1 0 0 0 0 0 0 0 0 0 0 0 0 0 0 0 0
"54" 0 0 0 0 0 0 0 0 0 0 1 0 0 0 0 0 0 0 0 0
"55" 0 0 0 0 0 0 0 0 0 0.005 0.945 0 0.004 0.042 0 0 0 0 0.001 0.002
"56" 0 0 1 0 0 0 0 0 0 0 0 0 0 0 0 0 0 0 0 0
"57" 0 0 0 0 0 0 0 0 0 0 1 0 0 0 0 0 0 0 0 0
"58" 0 0 0 0 0 0 0 0 0 0.088 0.002 0 0.001 0 0 0 0 0 0 0.908
"59" 0.001 0 0.005 0.846 0 0.001 0.136 0.007 0 0 0 0.001 0 0 0 0.002 0 0 0 0
"60" 0.995 0 0 0 0 0 0 0 0 0 0 0 0 0 0.001 0.002 0.001 0 0 0
"61" 0 0 0 0 0 0 0 0 0 0.007 0.982 0 0.003 0.001 0 0 0 0 0 0.006
"62" 0.023 0 0 0 0 0 0 0 0 0 0 0 0 0 0 0.012 0.962 0 0 0.001
"63" 0 0 0 0 0 0 1 0 0 0 0 0 0 0 0 0 0 0 0 0
"64" 0 0 0 0 0 0 0 0 0 0 0 0 0 0 0 0.999 0 0 0 0
"65" 0 0 0 0 0 0 0 0 0 0.001 0 0 0 0 0 0 0 0 0 0.999
"66" 0 0 0 0 0 0 0 0 0 0 0 0 0 0 0 0 0 0 1 0
"67" 0.976 0.001 0 0 0 0.009 0.001 0.001 0 0 0 0.001 0 0 0.001 0.006 0.002 0 0 0.001
"68" 0.011 0.01 0.036 0.006 0.004 0.011 0.003 0.005 0.216 0.001 0.002 0.004 0.001 0.009 0.005 0.572 0.03 0 0.072 0.002
"69" 0.003 0 0.002 0 0 0 0 0 0 0 0 0 0 0 0 0.11 0.882 0 0 0.001
"70" 0 0 0 0 0 0 0 0 0 0 0 0 0 1 0 0 0 0 0 0
"71" 0 0.964 0 0 0 0.025 0 0 0.002 0 0 0.008 0 0 0 0 0 0 0 0
"72" 0 0 0 0 0 0 0 0 0 0.001 0 0 0 0 0 0 0 0 0 0.999
"73" 0 0 0 0 0 0 0 0 0 0 0 0 0 0 0 0 0 0 1 0
"74" 0 0 0 0 0 0 0 1 0 0 0 0 0 0 0 0 0 0 0 0
"75" 0 0 0 0 0 0 0 0 0 0 0 0 0 0 0 0.999 0 0 0 0
"76" 0.001 0 0 0 0 0 0 0 0 0.672 0.03 0 0.096 0.002 0 0 0.002 0 0 0.196
"77" 0 0 0 0 0 0 0 0 0 0.001 0 0 0 0 0 0 0 0 0 0.999
"78" 0 0 0 0 0 0 0 0 0 0.01 0.983 0 0.003 0.001 0 0 0 0 0 0.003
"79" 0 0 0 0 0 1 0 0 0 0 0 0 0 0 0 0 0 0 0 0
"80" 0 0 0 0 0 0 0 0 0 0.999 0 0 0 0 0 0 0 0 0 0.001
"81" 1 0 0 0 0 0 0 0 0 0 0 0 0 0 0 0 0 0 0 0
"82" 0.007 0 0.001 0.001 0 0 0.001 0.977 0 0.001 0 0 0 0 0 0.005 0.001 0 0 0.005
"83" 0 0 0 0 0 0 0 1 0 0 0 0 0 0 0 0 0 0 0 0
"84" 0 0 0 0 0 0 0 0 0 0 0 0 0 0 0 0.999 0 0 0 0
"85" 0 0 0 0 0 0 0 0 0 0 0 1 0 0 0 0 0 0 0 0
"86" 0 0 0 0 0 0 0 1 0 0 0 0 0 0 0 0 0 0 0 0
"87" 0 0 0 0 0 0 0 0 0 0 0 1 0 0 0 0 0 0 0 0
"88" 0 0 0 0 0 0 0 0 0 0.999 0 0 0 0 0 0 0 0 0 0.001
"89" 1 0 0 0 0 0 0 0 0 0 0 0 0 0 0 0 0 0 0 0
"90" 0 0 0 0 0 1 0 0 0 0 0 0 0 0 0 0 0 0 0 0
"91" 0 0 0 0 0 0 0 0 0.001 0 0 0 0 0.06 0 0 0 0 0.938 0
"92" 0 1 0 0 0 0 0 0 0 0 0 0 0 0 0 0 0 0 0 0
"93" 0 0 0 0 0 0 0 0 0 0 0 0 0 0 0 0 0 0 1 0
"94" 0.009 0 0 0 0 0 0 0 0 0.718 0.012 0 0.005 0.001 0 0.001 0.003 0 0 0.249
"95" 0 0 0 0 0 0 0 0 0 0 1 0 0 0 0 0 0 0 0 0
"96" 0.002 0.001 0 0 0 0.001 0 0 0.001 0.003 0.152 0 0.003 0.002 0.821 0.006 0.002 0 0 0.003
"97" 1 0 0 0 0 0 0 0 0 0 0 0 0 0 0 0 0 0 0 0
"98" 0.005 0.001 0.071 0.844 0 0.002 0.03 0.004 0.002 0.002 0.001 0.003 0.001 0 0.001 0.014 0.009 0 0.001 0.009
"99" 0 0 0 0 0 0 0 0 0 0 0 0 0 1 0 0 0 0 0 0
"100" 0 0 0 0 1 0 0 0 0 0 0 0 0 0 0 0 0 0 0 0
"101" 0 0 0 0 0 0 0 1 0 0 0 0 0 0 0 0 0 0 0 0
"102" 0 0 0 0 1 0 0 0 0 0 0 0 0 0 0 0 0 0 0 0
"103" 0 0 0 0 0 0 0 0 0 0.001 0 0 0 0 0 0 0 0 0 0.999
"104" 0 0 0 0 0 0 0 0 0 0.252 0.048 0 0.007 0.638 0 0.001 0.001 0 0.015 0.037
"105" 1 0 0 0 0 0 0 0 0 0 0 0 0 0 0 0 0 0 0 0
"106" 0.022 0.033 0.084 0.228 0.002 0.021 0.064 0.128 0.025 0.005 0.014 0.152 0.006 0.047 0.005 0.095 0.024 0.001 0.035 0.01
"107" 0 0 1 0 0 0 0 0 0 0 0 0 0 0 0 0 0 0 0 0
"108" 0.109 0.001 0.015 0.022 0.001 0.002 0.005 0.009 0.001 0 0 0.002 0 0 0.004 0.794 0.032 0 0 0.001
"109" 0.001 0.006 0.632 0.204 0 0.006 0.019 0.003 0.005 0 0 0.101 0 0 0 0.017 0.005 0 0 0
"110" 1 0 0 0 0 0 0 0 0 0 0 0 0 0 0 0 0 0 0 0
"111" 0 0 0 0 0 0 0 0 0 0 1 0 0 0 0 0 0 0 0 0
"112" 0 0 0 1 0 0 0 0 0 0 0 0 0 0 0 0 0 0 0 0
"113" 0.002 0 0.048 0.002 0 0 0 0.001 0.001 0 0 0.001 0 0 0 0.935 0.008 0 0 0
"114" 0 0 0 0 0 0 0 0 0 0 0 1 0 0 0 0 0 0 0 0
"115" 0 0 0 0 0 0 0 0 1 0 0 0 0 0 0 0 0 0 0 0
"116" 0.022 0.023 0.041 0.034 0.002 0.075 0.135 0.005 0.191 0.01 0.015 0.029 0.062 0.004 0.006 0.082 0.235 0 0.013 0.016
"117" 0 0 0 0 0 0 0 0 0 0 0 0 0 0 0 0 1 0 0 0
"118" 0 0 0 0 0 0 0 0 0 0 0 0 0 1 0 0 0 0 0 0
"119" 0 1 0 0 0 0 0 0 0 0 0 0 0 0 0 0 0 0 0 0
"120" 0 0 0 0 0 0 0 0 0 0.12 0.854 0 0.007 0.002 0 0 0 0 0 0.015
"121" 0 0 0 0 0 0 0 0 0 0 0 0 0 1 0 0 0 0 0 0
"122" 0.016 0.002 0.002 0.016 0 0.008 0.696 0.002 0.001 0.018 0.006 0.006 0.003 0.001 0.001 0.007 0.01 0 0.001 0.207
"123" 0 0 0 0 0 0 0 0 0 0 0 0 0 0 1 0 0 0 0 0
"124" 0.018 0.012 0.023 0.004 0.001 0.008 0.005 0.003 0.002 0.001 0.001 0.097 0.001 0 0.004 0.487 0.328 0 0.001 0.003
"125" 0 0 0 0 0 0 0 0 0 0 0 0 0 0 0 0 0 0 1 0
"126" 0 0 0 0 0 0 0 0 0 0.999 0 0 0 0 0 0 0 0 0 0.001
"127" 0 0.002 0 0 0 0.001 0.004 0 0 0 0 0.992 0 0 0 0 0 0 0 0
"128" 0.019 0.233 0.017 0.004 0.002 0.014 0.004 0.006 0.007 0.001 0.002 0.033 0.002 0.001 0.005 0.387 0.258 0 0.001 0.004
"129" 0 0 0 0 0 0 0 0 0 0 0 0 0 0 0 0 0 0 1 0
"130" 0 0 0 0 0 0.997 0.002 0 0 0 0 0 0 0 0 0 0 0 0 0
"131" 0 1 0 0 0 0 0 0 0 0 0 0 0 0 0 0 0 0 0 0
"132" 0 0 0 1 0 0 0 0 0 0 0 0 0 0 0 0 0 0 0 0
"133" 0 0 0 0 0 0 0 0 0 0.753 0.109 0 0.01 0.002 0 0 0.001 0 0 0.123
"134" 0 0 0 0 0 0 0 0 0 0 0 0 0 0 0 0.999 0 0 0 0
"135" 0 0 0 0 0 0 0 0 0 0 0 0 0 0 0 0 1 0 0 0
"136" 0.022 0.01 0.019 0.005 0.001 0.249 0.011 0.003 0.008 0.001 0.002 0.014 0.002 0 0.006 0.347 0.296 0 0.001 0.003
"137" 0 1 0 0 0 0 0 0 0 0 0 0 0 0 0 0 0 0 0 0
"138" 0 0 1 0 0 0 0 0 0 0 0 0 0 0 0 0 0 0 0 0
"139" 0 0 0 0 1 0 0 0 0 0 0 0 0 0 0 0 0 0 0 0
"140" 0 0 0 0 0 0 0 0 0.001 0 0 0 0 0.06 0 0 0 0 0.938 0
"141" 0 1 0 0 0 0 0 0 0 0 0 0 0 0 0 0 0 0 0 0
"142" 0 0 0 0 0 0 0 0 0 0 0 0 0 0 1 0 0 0 0 0
"143" 0 0 0 0 0 0 0 0 0 0.999 0 0 0 0 0 0 0 0 0 0.001
"144" 0 0 0 0 0 0 0 0 0 0 0.001 0 0 0.964 0 0 0 0 0.035 0
"145" 0 0 0 0 0 0 0 0 0 0 0 0 0 0 0 0.999 0 0 0 0
"146" 0 0 0 0 0 0 0 0 0 0 0 0 0 0 0 0 0 0 1 0
"147" 0 0 0 0 0 0 0 1 0 0 0 0 0 0 0 0 0 0 0 0
"148" 0 0 0 0 0 0 0 0 0 0 0 0 0 1 0 0 0 0 0 0
"149" 0 0 0 0 0 0 0 0 1 0 0 0 0 0 0 0 0 0 0 0
"150" 0.095 0.661 0.006 0.002 0.002 0.015 0.004 0.009 0.006 0.001 0.001 0.036 0.001 0 0.004 0.134 0.019 0 0.001 0.003
"151" 0 0 0 0 0 0 0 0 0 0 0 0 0 0 0 0 1 0 0 0
"152" 0 0 0 0 0 0 0 0 0 0.001 0 0 0 0 0 0 0 0 0 0.999
"153" 0 0 0 0 0 0 0 1 0 0 0 0 0 0 0 0 0 0 0 0
"154" 0 0 0 0 0 0 0 0 0 0 1 0 0 0 0 0 0 0 0 0
"155" 0 0 0 0 0 0 0 1 0 0 0 0 0 0 0 0 0 0 0 0
"156" 0 0 0 0 0 0 0 0 0 0 0 0 0 0 0 0 0 1 0 0
"157" 0 0 0 0 0 1 0 0 0 0 0 0 0 0 0 0 0 0 0 0
"158" 0 0 0 0 0 0 0 0 0 0 0 0 0 0 1 0 0 0 0 0
"159" 0 0 0 0 0 0 0 0 0 0 0 0 0 1 0 0 0 0 0 0
"160" 0 1 0 0 0 0 0 0 0 0 0 0 0 0 0 0 0 0 0 0
"161" 0 0 0 0 0 0 0 0 0 0.001 0 0 0 0 0 0 0 0 0 0.999
"162" 0 0 0 0 0 0 0 1 0 0 0 0 0 0 0 0 0 0 0 0
"163" 0 0 0 0 0 0 0 0 0 0.001 0 0 0 0 0 0 0 0 0 0.999
"164" 0 0 0 0 0 0 0 0 0 0 1 0 0 0 0 0 0 0 0 0
"165" 0.003 0 0.002 0 0 0 0 0 0 0 0 0 0 0 0 0.11 0.882 0 0 0.001
"166" 0 0 1 0 0 0 0 0 0 0 0 0 0 0 0 0 0 0 0 0
"167" 0.006 0.004 0.002 0.004 0.001 0.011 0.025 0.001 0.009 0.041 0.417 0.005 0.315 0.049 0.001 0.009 0.01 0.001 0.051 0.036
"168" 0 0 0 0 0 0 0 0 0 0 0 0 0 0 0 0 1 0 0 0
"169" 0 0 0 0 0 0 0 0 0 0.001 0 0 0 0 0 0 0 0 0 0.999
"170" 0.837 0.001 0.002 0.003 0.001 0.002 0.013 0.005 0 0 0 0.001 0 0 0.002 0.111 0.016 0 0 0.003
"171" 0 0 0 0 0 0 0 1 0 0 0 0 0 0 0 0 0 0 0 0
"172" 0.02 0.005 0.03 0.462 0 0.007 0.042 0.213 0.005 0 0.001 0.005 0 0 0.122 0.075 0.009 0 0.001 0.001
"173" 0.022 0.051 0.025 0.007 0.005 0.032 0.013 0.006 0.029 0.02 0.166 0.175 0.027 0.052 0.009 0.182 0.053 0.002 0.098 0.026
"174" 0 0 0 0 0 0 0 0 1 0 0 0 0 0 0 0 0 0 0 0
"175" 0.086 0.007 0.009 0.005 0.007 0.004 0.005 0.152 0.003 0.068 0.161 0.004 0.025 0.012 0.004 0.142 0.044 0.001 0.004 0.257
"176" 0 0 0 0.003 0 0.001 0.994 0 0 0 0 0 0 0 0 0 0 0 0 0
"177" 0.024 0.024 0.021 0.007 0.002 0.042 0.008 0.004 0.216 0.016 0.039 0.016 0.145 0.009 0.145 0.085 0.159 0 0.018 0.019
"178" 0.003 0.007 0.038 0.772 0 0.009 0.068 0.003 0.003 0 0.001 0.071 0.004 0 0.001 0.012 0.007 0 0.001 0.001
"179" 0 0.14 0.003 0.004 0 0.006 0.005 0 0.001 0 0 0.837 0 0 0 0.002 0.001 0 0 0
"180" 0 0 0 0 0 0 0 0 0 0.936 0.04 0 0.003 0.001 0 0 0 0 0 0.019
"181" 0 0 0 0 0 0 0 0 0 0 0 0 0 0 0 0 1 0 0 0
"182" 0 0 0 0 0 0 1 0 0 0 0 0 0 0 0 0 0 0 0 0
