"A" "R" "N" "D" "C" "Q" "E" "G" "H" "I" "L" "K" "M" "F" "P" "S" "T" "W" "Y" "V"
"1" 0 1 0 0 0 0 0 0 0 0 0 0 0 0 0 0 0 0 0 0
"2" 0 0 0 0 0 0 0 0 0 0 0 0 0 0 1 0 0 0 0 0
"3" 0.049 0.002 0.002 0.002 0.002 0.002 0.002 0.002 0.002 0.002 0.002 0.06 0.002 0.002 0.002 0.002 0.852 0.002 0.002 0.002
"4" 0.01 0.235 0.259 0.214 0.01 0.01 0.01 0.01 0.132 0.01 0.01 0.01 0.01 0.01 0.01 0.01 0.01 0.01 0.01 0.01
"5" 0 1 0 0 0 0 0 0 0 0 0 0 0 0 0 0 0 0 0 0
"6" 0 0 0 0 1 0 0 0 0 0 0 0 0 0 0 0 0 0 0 0
"7" 0 0 0 0 0 0 0.999 0 0 0 0 0 0 0 0 0 0 0 0 0
"8" 0.033 0.001 0.001 0.001 0.001 0.001 0.001 0.001 0.001 0.924 0.001 0.019 0.001 0.001 0.001 0.001 0.001 0.001 0.001 0.001
"9" 0 0 0 0 0 0 0 0 0 0 0 0 0 0 0 0 0 0 0 1
"10" 0.01 0.01 0.01 0.01 0.01 0.214 0.01 0.01 0.01 0.01 0.259 0.01 0.132 0.235 0.01 0.01 0.01 0.01 0.01 0.01
"11" 0 0 0 0 0 0 0 0 0 0 0 0 0 0 0 0 0 0 0 1
"12" 0 0 0 0 0 0 0 0 0 0 0 0 0 1 0 0 0 0 0 0
"13" 0.006 0.006 0.006 0.006 0.006 0.171 0.006 0.006 0.006 0.006 0.538 0.006 0.006 0.006 0.188 0.006 0.006 0.006 0.006 0.006
"14" 0.002 0.046 0.002 0.002 0.002 0.002 0.002 0.002 0.002 0.002 0.002 0.002 0.002 0.05 0.002 0.868 0.002 0.002 0.002 0.002
"15" 0 0 0 0 0 0 0 0 0 0 0 0 0 0 0 1 0 0 0 0
"16" 0.001 0.019 0.001 0.001 0.001 0.001 0.001 0.001 0.001 0.001 0.033 0.001 0.001 0.924 0.001 0.001 0.001 0.001 0.001 0.001
"17" 0.006 0.006 0.006 0.006 0.006 0.006 0.006 0.006 0.006 0.006 0.188 0.006 0.006 0.538 0.006 0.006 0.006 0.171 0.006 0.006
"18" 0 0 0 0 0 0 0 0 0 0 0 0 0 0 0 1 0 0 0 0
"19" 0 0 0 0 0 0 0 0 0 0 0 1 0 0 0 0 0 0 0 0
"20" 0 0 0 0 0 0 0 0 0 0 0 0 0 0 0 0 0 0 0 1
"21" 0 0 0 0 0 0 0 0 0 0 0 0 0 0 0 0 0 0 1 0
"22" 0.006 0.538 0.006 0.006 0.006 0.006 0.006 0.006 0.006 0.006 0.006 0.006 0.171 0.006 0.006 0.006 0.188 0.006 0.006 0.006
"23" 0.002 0.002 0.002 0.002 0.002 0.002 0.002 0.002 0.002 0.002 0.852 0.002 0.002 0.06 0.002 0.002 0.002 0.002 0.002 0.049
"24" 0 1 0 0 0 0 0 0 0 0 0 0 0 0 0 0 0 0 0 0
"25" 0 1 0 0 0 0 0 0 0 0 0 0 0 0 0 0 0 0 0 0
"26" 0 0 0 0 0 0 0 0 0 0 0 0.999 0 0 0 0 0 0 0 0
"27" 0.933 0.001 0.028 0.001 0.001 0.001 0.001 0.001 0.001 0.001 0.001 0.001 0.001 0.001 0.001 0.001 0.017 0.001 0.001 0.001
"28" 0 0 0 0 0 0 0 0 0 0.989 0 0 0.007 0 0 0 0 0 0 0
"29" 0.002 0.002 0.002 0.002 0.002 0.002 0.002 0.002 0.002 0.049 0.002 0.002 0.002 0.002 0.002 0.852 0.06 0.002 0.002 0.002
"30" 0.001 0.001 0.001 0.001 0.001 0.001 0.001 0.001 0.001 0.001 0.936 0.001 0.001 0.053 0.001 0.001 0.001 0.001 0.001 0.001
"31" 0.006 0.006 0.006 0.006 0.538 0.006 0.006 0.006 0.006 0.006 0.188 0.006 0.006 0.006 0.006 0.171 0.006 0.006 0.006 0.006
"32" 0 0 0 0 0 0 0 0 0 0 0 0 0 0 0 0.006 0.99 0 0 0
"33" 0.998 0 0 0 0 0 0 0 0 0 0 0 0 0 0 0 0.001 0 0 0
"34" 0 0 0 0 1 0 0 0 0 0 0 0 0 0 0 0 0 0 0 0
"35" 0.002 0.002 0.002 0.002 0.002 0.002 0.002 0.002 0.002 0.06 0.852 0.002 0.002 0.049 0.002 0.002 0.002 0.002 0.002 0.002
"36" 0 0 0 0 0 0 0.006 0.99 0 0 0 0 0 0 0 0 0 0 0 0
"37" 0 0 0 0 0 0 0 0 0 0 0 0 0 0 0 0 0 0 0 1
"38" 0 0 0 0 0 0 0 0 0 0 0.999 0 0 0 0 0 0 0 0 0
"39" 0 0 0 0 0 0 0 0 0 0 0 0 0 0 0 0 1 0 0 0
"40" 0 0 0.999 0 0 0 0 0 0 0 0 0 0 0 0 0 0 0 0 0
"41" 0 0 0 0 0 0 0 0 0 0 0 0 0 0 0 1 0 0 0 0
"42" 1 0 0 0 0 0 0 0 0 0 0 0 0 0 0 0 0 0 0 0
"43" 0 0 0 0 0 0 0 0 0 1 0 0 0 0 0 0 0 0 0 0
"44" 0.002 0.002 0.002 0.002 0.002 0.002 0.002 0.002 0.046 0.002 0.002 0.002 0.002 0.05 0.002 0.002 0.002 0.002 0.868 0.002
"45" 0 0 0 0 0 0 0 0 0 0 0 0 0 0 0 1 0 0 0 0
"46" 0 0 0 0 0 0 0 0 0 0 0 0 0.006 0 0 0 0.99 0 0 0
"47" 0 0 0 0 0 0 0 0 0 0 0 0 0 1 0 0 0 0 0 0
"48" 0.001 0.924 0.033 0.001 0.001 0.001 0.001 0.001 0.001 0.019 0.001 0.001 0.001 0.001 0.001 0.001 0.001 0.001 0.001 0.001
"49" 0 0 0 0 1 0 0 0 0 0 0 0 0 0 0 0 0 0 0 0
"50" 0.01 0.01 0.01 0.01 0.214 0.01 0.01 0.01 0.01 0.01 0.01 0.01 0.01 0.132 0.01 0.235 0.01 0.01 0.259 0.01
"51" 0 1 0 0 0 0 0 0 0 0 0 0 0 0 0 0 0 0 0 0
"52" 0 0 0 0 0 0 0 0 0 0.998 0 0 0 0 0 0 0 0 0 0.001
"53" 0 0 0 0 0 0 0 0 0 0.989 0 0.007 0 0 0 0 0 0 0 0
"54" 0 0 0 0 0 0 0 0 0 1 0 0 0 0 0 0 0 0 0 0
"55" 0.01 0.01 0.01 0.01 0.01 0.01 0.01 0.259 0.01 0.01 0.132 0.01 0.214 0.01 0.01 0.235 0.01 0.01 0.01 0.01
"56" 0 0 0 0 0 0 1 0 0 0 0 0 0 0 0 0 0 0 0 0
"57" 0 0 0 0 0 0 0 0 0 0 1 0 0 0 0 0 0 0 0 0
"58" 0 0 0 0 0 0 0 0 0 0 0 0 0 0 1 0 0 0 0 0
"59" 0 0 0 0 0 0 0 0 0 0 0 0 0 0 0 1 0 0 0 0
"60" 0 0 0 0 0 0 0 0 0 0 0.989 0 0.007 0 0 0 0 0 0 0
"61" 0.214 0.235 0.01 0.01 0.01 0.01 0.01 0.259 0.01 0.01 0.01 0.01 0.01 0.01 0.01 0.132 0.01 0.01 0.01 0.01
"62" 0 0 0 0 0 0 0 0 0 0 0 0 0 0 0 0 0 0 1 0
"63" 0 0 0 0 0 0 0 0 0 0 0 0 0 0 0 1 0 0 0 0
"64" 0 0 0 0 0 0 0 0 1 0 0 0 0 0 0 0 0 0 0 0
"65" 0 0 0 0 0 0 0 0 0 0.006 0 0 0 0 0 0 0 0 0 0.99
"66" 0 0 0 0 0 0 0 0 0 0 0 0 0 0 0 0 0 0 1 0
"67" 1 0 0 0 0 0 0 0 0 0 0 0 0 0 0 0 0 0 0 0
"68" 0 0 0 0.999 0 0 0 0 0 0 0 0 0 0 0 0 0 0 0 0
"69" 0.04 0.002 0.002 0.002 0.002 0.002 0.002 0.002 0.002 0.002 0.002 0.002 0.002 0.002 0.002 0.914 0.002 0.002 0.002 0.02
"70" 0 0 0 0 0 0 0 0 0 0 0 0 0 1 0 0 0 0 0 0
"71" 0 0 0 0 0 0 0 0 0 0 0 0 0 0 0 0 0 0 0 1
"72" 0 0 0 0 0 0 0 0 0 0.989 0.007 0 0 0 0 0 0 0 0 0
"73" 0 0.99 0 0 0 0 0 0 0 0 0.006 0 0 0 0 0 0 0 0 0
"74" 0.007 0 0 0 0 0 0 0.989 0 0 0 0 0 0 0 0 0 0 0 0
"75" 0 0 0 0 0 0 0 0 0 0 0 0 0 0.998 0 0 0 0 0 0.001
"76" 0.001 0.001 0.033 0.001 0.001 0.019 0.001 0.001 0.924 0.001 0.001 0.001 0.001 0.001 0.001 0.001 0.001 0.001 0.001 0.001
"77" 0 0 0 0 0 0 0 0 0 0 1 0 0 0 0 0 0 0 0 0
"78" 0.01 0.01 0.132 0.01 0.01 0.259 0.01 0.01 0.01 0.01 0.01 0.214 0.01 0.01 0.01 0.01 0.01 0.01 0.235 0.01
"79" 0 0 0 0 0 1 0 0 0 0 0 0 0 0 0 0 0 0 0 0
"80" 0 0 0 0 0 0 0 0 0 0.999 0 0 0 0 0 0 0 0 0 0
"81" 0 0 0 0 0 0 1 0 0 0 0 0 0 0 0 0 0 0 0 0
"82" 0 0 0 0 0 0 0 0 0 0 0 0 0 0 1 0 0 0 0 0
"83" 0 0 0 0 0 0 0 1 0 0 0 0 0 0 0 0 0 0 0 0
"84" 0 0 0 0 0 0 0 0 0 0 0 0 0 0 0 0.999 0 0 0 0
"85" 0.002 0.852 0.002 0.002 0.002 0.002 0.002 0.002 0.049 0.002 0.002 0.002 0.002 0.002 0.002 0.002 0.06 0.002 0.002 0.002
"86" 0 0 0 0 0 0 0 1 0 0 0 0 0 0 0 0 0 0 0 0
"87" 0 0 0 0 0 0 0 0 0 0 0 1 0 0 0 0 0 0 0 0
"88" 0 0 0 0 0 0 0 0 0 1 0 0 0 0 0 0 0 0 0 0
"89" 1 0 0 0 0 0 0 0 0 0 0 0 0 0 0 0 0 0 0 0
"90" 0 0 0 1 0 0 0 0 0 0 0 0 0 0 0 0 0 0 0 0
"91" 0 0 0 0 0 0 0 0 0 0 0 0 0 1 0 0 0 0 0 0
"92" 0 0 1 0 0 0 0 0 0 0 0 0 0 0 0 0 0 0 0 0
"93" 0 0 0 0 0 0 0 0 0 0 0 0 0 0 0 0 0 0 1 0
"94" 0 0 0 0 0 0 0 0 0 0 0 1 0 0 0 0 0 0 0 0
"95" 0 0 0 0 0 0 0 0 0 0 0 0 0 0 0 0 0 0 0 1
"96" 0 0 0 0 0 0 0 0 0 0 0 0 0 0 1 0 0 0 0 0
"97" 0.538 0.171 0.006 0.006 0.006 0.006 0.006 0.006 0.188 0.006 0.006 0.006 0.006 0.006 0.006 0.006 0.006 0.006 0.006 0.006
"98" 0 0 1 0 0 0 0 0 0 0 0 0 0 0 0 0 0 0 0 0
"99" 0 0 0 0 0 0 0 0 0 0 0 0 0 1 0 0 0 0 0 0
"100" 0 0 0 0 1 0 0 0 0 0 0 0 0 0 0 0 0 0 0 0
"101" 0 0 0 0 0 0 0 1 0 0 0 0 0 0 0 0 0 0 0 0
"102" 0 0 0 0 1 0 0 0 0 0 0 0 0 0 0 0 0 0 0 0
"103" 0 0 0 0 0 0 0 0 0 0 0 0 0 0 0 0 0 0 0 1
"104" 0 0 0 0 0 0 0 0 0 1 0 0 0 0 0 0 0 0 0 0
"105" 1 0 0 0 0 0 0 0 0 0 0 0 0 0 0 0 0 0 0 0
"106" 0.01 0.01 0.01 0.01 0.01 0.01 0.01 0.01 0.01 0.214 0.01 0.132 0.01 0.01 0.259 0.01 0.01 0.01 0.01 0.235
"107" 0 0 1 0 0 0 0 0 0 0 0 0 0 0 0 0 0 0 0 0
"108" 0 0 0 0 0 0 0 0 0 0 0 0 0 0 0 1 0 0 0 0
"109" 0 0 1 0 0 0 0 0 0 0 0 0 0 0 0 0 0 0 0 0
"110" 0 0 0 0 0 0 0 0 0 0 0 0.999 0 0 0 0 0 0 0 0
"111" 0 0 0 0 0 0 0 0 0 0 1 0 0 0 0 0 0 0 0 0
"112" 0 0 0 0.989 0 0 0 0 0 0 0 0 0 0 0 0 0 0 0.007 0
"113" 0 0.006 0 0 0 0 0 0 0 0 0 0 0 0 0 0.99 0 0 0 0
"114" 0 0 0 0 0 0 0 1 0 0 0 0 0 0 0 0 0 0 0 0
"115" 0.001 0.001 0.001 0.001 0.001 0.019 0.001 0.001 0.033 0.001 0.001 0.001 0.001 0.001 0.924 0.001 0.001 0.001 0.001 0.001
"116" 0 0 0 0 0 0 0 0 0 0 0 0 0 0 0 0 0 0 1 0
"117" 0.006 0.006 0.006 0.006 0.006 0.006 0.006 0.006 0.006 0.171 0.188 0.006 0.006 0.538 0.006 0.006 0.006 0.006 0.006 0.006
"118" 0 0 0 0 0 0 0 0 0 0 0 1 0 0 0 0 0 0 0 0
"119" 0 1 0 0 0 0 0 0 0 0 0 0 0 0 0 0 0 0 0 0
"120" 0 0 0 0 0 0 0 0 0 0 0 0 1 0 0 0 0 0 0 0
"121" 0 0 0 0 0 0 0 0 0 0 0 0 0 0.99 0 0 0 0 0.006 0
"122" 0 1 0 0 0 0 0 0 0 0 0 0 0 0 0 0 0 0 0 0
"123" 0 0 0 0 0 0 0 0 1 0 0 0 0 0 0 0 0 0 0 0
"124" 0 0 0 0 0 0 0 0.999 0 0 0 0 0 0 0 0 0 0 0 0
"125" 0 0 0.99 0 0 0 0 0 0 0 0 0.006 0 0 0 0 0 0 0 0
"126" 0 0 0 0 0 0 0 0 0 0.006 0.99 0 0 0 0 0 0 0 0 0
"127" 0 0 0 0 0 0 0 0 0 0 0 1 0 0 0 0 0 0 0 0
"128" 0.002 0.002 0.002 0.002 0.002 0.002 0.002 0.002 0.002 0.002 0.914 0.002 0.002 0.002 0.002 0.04 0.002 0.002 0.02 0.002
"129" 0 0 0 0 0 0 0 0 0 0 0 0 0 1 0 0 0 0 0 0
"130" 0.002 0.002 0.002 0.002 0.002 0.868 0.002 0.002 0.002 0.002 0.046 0.05 0.002 0.002 0.002 0.002 0.002 0.002 0.002 0.002
"131" 0 1 0 0 0 0 0 0 0 0 0 0 0 0 0 0 0 0 0 0
"132" 0.002 0.002 0.002 0.06 0.002 0.002 0.002 0.002 0.002 0.002 0.002 0.002 0.852 0.049 0.002 0.002 0.002 0.002 0.002 0.002
"133" 0 0 0 0 0 0 0 0 0 1 0 0 0 0 0 0 0 0 0 0
"134" 0 0 0 0 0 0 0 0 0 0 0 0 0 0 0 1 0 0 0 0
"135" 0 0 0 0 0 1 0 0 0 0 0 0 0 0 0 0 0 0 0 0
"136" 0 0 0 0 0 0 0 0 0 0 0 0.999 0 0 0 0 0 0 0 0
"137" 0 0 0 0 0 0 0 0 0 0 0 1 0 0 0 0 0 0 0 0
"138" 0 0 1 0 0 0 0 0 0 0 0 0 0 0 0 0 0 0 0 0
"139" 0 0 0 0 1 0 0 0 0 0 0 0 0 0 0 0 0 0 0 0
"140" 0 0 0 0 0 0 0 0 0 0 0 0 0 0 0 0 0 0 1 0
"141" 0.002 0.002 0.002 0.002 0.002 0.002 0.002 0.002 0.002 0.002 0.002 0.002 0.002 0.02 0.002 0.914 0.002 0.002 0.04 0.002
"142" 0 0 0 0 0 0 0 0 0 0 0 0 0 0 1 0 0 0 0 0
"143" 0 0 0 0 0 0 0 0 0 0 1 0 0 0 0 0 0 0 0 0
"144" 0 0 0 0 0 0 0 0 0 0 1 0 0 0 0 0 0 0 0 0
"145" 0.188 0.006 0.006 0.006 0.006 0.006 0.006 0.006 0.006 0.006 0.006 0.006 0.006 0.006 0.171 0.538 0.006 0.006 0.006 0.006
"146" 0 0 0 0 0 0 0 0 0 0 0 0 0 0 0 0 0 0 1 0
"147" 0 0 0 0 0 0 0 1 0 0 0 0 0 0 0 0 0 0 0 0
"148" 0 0 0 0 0 0 0 0 0 0 0 0 0 1 0 0 0 0 0 0
"149" 0 0 0 0 0 0 0 0 0.998 0 0 0 0 0 0 0 0 0 0.001 0
"150" 0 0 0 0 0 0 0 0 0 0 0 0 0 0 1 0 0 0 0 0
"151" 0 0 0 0 0 0 0 0 0 0 0 0 0 0 0 0 1 0 0 0
"152" 0 0 0.006 0 0 0 0 0 0 0 0 0 0 0 0 0 0.99 0 0 0
"153" 0 0 0 0 0 0 0 1 0 0 0 0 0 0 0 0 0 0 0 0
"154" 0 1 0 0 0 0 0 0 0 0 0 0 0 0 0 0 0 0 0 0
"155" 0 0 0 0 0 0 0 0.999 0 0 0 0 0 0 0 0 0 0 0 0
"156" 0 0 0 0 0 0 0 0 0 0 0 0 0 0 0 0 0 1 0 0
"157" 0 0 0 0 0 0.989 0 0 0 0 0.007 0 0 0 0 0 0 0 0 0
"158" 0 0 0 0 0 0 0 0 0 0 0 0 0 0 1 0 0 0 0 0
"159" 0 0 0 0 0 0 0 0 1 0 0 0 0 0 0 0 0 0 0 0
"160" 0.001 0.936 0.001 0.001 0.001 0.001 0.001 0.001 0.001 0.001 0.001 0.053 0.001 0.001 0.001 0.001 0.001 0.001 0.001 0.001
"161" 0 0 0 0 0 0 0 0 0 0 0 0 0 0 0 1 0 0 0 0
"162" 0 0 0 0 0 0 0 0 0 0 0 0 0 0 0 0 0 0 0 1
"163" 0 0 0 0 0 0 0 0 0 0 0 0 0 0 0 0 0 0 0 1
"164" 0 0 0 0 0 0 0 0 0 0 1 0 0 0 0 0 0 0 0 0
"165" 0.002 0.002 0.002 0.002 0.002 0.002 0.002 0.002 0.002 0.06 0.002 0.002 0.002 0.002 0.002 0.852 0.049 0.002 0.002 0.002
"166" 0 0 0 0 0 0 0 0 0 0 0 0 0 0 0 0 0 0 0 1
"167" 0.01 0.01 0.235 0.259 0.132 0.01 0.214 0.01 0.01 0.01 0.01 0.01 0.01 0.01 0.01 0.01 0.01 0.01 0.01 0.01
"168" 0 0 0 0 0 1 0 0 0 0 0 0 0 0 0 0 0 0 0 0
"169" 0.001 0.001 0.001 0.001 0.001 0.001 0.001 0.001 0.001 0.001 0.001 0.001 0.001 0.001 0.001 0.053 0.001 0.001 0.001 0.936
"170" 0 0 0 0 0 0 0 0 1 0 0 0 0 0 0 0 0 0 0 0
"171" 1 0 0 0 0 0 0 0 0 0 0 0 0 0 0 0 0 0 0 0
"172" 0 0 0 0 0 0 0 0.006 0 0 0 0 0 0 0 0.99 0 0 0 0
"173" 0 0 0.007 0 0 0 0 0 0.989 0 0 0 0 0 0 0 0 0 0 0
"174" 0 0 0 0 0 0 0 0 0 0 0 0 0 0 1 0 0 0 0 0
"175" 0.001 0.001 0.028 0.001 0.001 0.001 0.001 0.001 0.017 0.001 0.933 0.001 0.001 0.001 0.001 0.001 0.001 0.001 0.001 0.001
"176" 0 0 0 0 0.999 0 0 0 0 0 0 0 0 0 0 0 0 0 0 0
"177" 0 0 0 0 0 0 0 0 0 0 0 0 0 0 0 0 1 0 0 0
"178" 0.053 0.001 0.001 0.001 0.001 0.001 0.001 0.001 0.001 0.001 0.001 0.001 0.001 0.001 0.001 0.936 0.001 0.001 0.001 0.001
"179" 0 0 0 0 0 0 0 0 0 0 0 0 0 1 0 0 0 0 0 0
"180" 0 0 0 0 0 0 0 1 0 0 0 0 0 0 0 0 0 0 0 0
"181" 0.001 0.001 0.001 0.001 0.001 0.001 0.001 0.001 0.001 0.933 0.001 0.017 0.001 0.028 0.001 0.001 0.001 0.001 0.001 0.001
"182" 0.001 0.001 0.001 0.001 0.001 0.001 0.001 0.001 0.001 0.001 0.001 0.001 0.001 0.001 0.001 0.936 0.001 0.001 0.053 0.001
