"A","R","N","D","C","Q","E","G","H","I","L","K","M","F","P","S","T","W","Y","V"
0.003,0.155,0.009,0.004,0.000,0.264,0.073,0.010,0.005,0.002,0.002,0.439,0.001,0.000,0.012,0.005,0.014,0.000,0.000,0.001
0.001,0.000,0.001,0.000,0.000,0.000,0.000,0.000,0.000,0.817,0.029,0.001,0.112,0.006,0.000,0.001,0.013,0.000,0.000,0.019
0.002,0.001,0.000,0.000,0.000,0.000,0.000,0.001,0.000,0.245,0.363,0.000,0.055,0.023,0.002,0.001,0.001,0.000,0.000,0.305
0.009,0.001,0.000,0.001,0.000,0.000,0.001,0.001,0.000,0.217,0.085,0.001,0.052,0.011,0.001,0.001,0.004,0.000,0.000,0.616
0.001,0.001,0.001,0.000,0.001,0.000,0.000,0.001,0.000,0.218,0.271,0.000,0.032,0.300,0.001,0.006,0.003,0.000,0.001,0.161
0.006,0.001,0.001,0.000,0.000,0.001,0.000,0.001,0.000,0.165,0.613,0.000,0.012,0.007,0.003,0.006,0.013,0.000,0.000,0.169
0.191,0.013,0.008,0.021,0.011,0.001,0.021,0.054,0.002,0.099,0.061,0.007,0.023,0.064,0.013,0.050,0.063,0.001,0.009,0.288
0.020,0.001,0.000,0.001,0.000,0.001,0.001,0.003,0.000,0.158,0.282,0.001,0.097,0.035,0.007,0.006,0.012,0.000,0.000,0.375
0.000,0.001,0.000,0.000,0.000,0.000,0.000,0.000,0.000,0.055,0.891,0.000,0.007,0.019,0.000,0.001,0.000,0.000,0.000,0.023
0.049,0.056,0.027,0.023,0.003,0.003,0.031,0.077,0.003,0.188,0.044,0.036,0.113,0.012,0.006,0.074,0.065,0.002,0.001,0.187
0.364,0.025,0.017,0.033,0.000,0.006,0.045,0.061,0.002,0.009,0.005,0.018,0.002,0.001,0.115,0.065,0.215,0.000,0.001,0.015
0.252,0.003,0.006,0.010,0.000,0.001,0.013,0.020,0.000,0.101,0.010,0.009,0.043,0.001,0.006,0.007,0.140,0.000,0.000,0.378
0.005,0.143,0.230,0.053,0.001,0.074,0.114,0.031,0.047,0.004,0.001,0.231,0.001,0.000,0.004,0.032,0.021,0.001,0.007,0.001
0.324,0.002,0.000,0.010,0.000,0.000,0.007,0.646,0.000,0.000,0.000,0.000,0.000,0.000,0.000,0.007,0.002,0.000,0.000,0.001
0.000,0.000,0.000,1.000,0.000,0.000,0.000,0.000,0.000,0.000,0.000,0.000,0.000,0.000,0.000,0.000,0.000,0.000,0.000,0.000
0.000,0.011,0.004,0.000,0.000,0.005,0.039,0.001,0.000,0.000,0.000,0.937,0.000,0.000,0.000,0.000,0.003,0.000,0.000,0.000
0.000,0.000,0.000,0.000,0.000,0.000,0.000,0.000,0.000,0.997,0.000,0.000,0.002,0.000,0.000,0.000,0.000,0.000,0.000,0.001
0.000,0.000,0.000,0.000,0.999,0.000,0.000,0.000,0.000,0.000,0.000,0.000,0.000,0.000,0.000,0.000,0.000,0.000,0.001,0.000
0.000,0.000,0.000,0.000,0.000,0.000,0.000,0.000,0.000,0.002,0.996,0.000,0.000,0.001,0.000,0.000,0.000,0.000,0.000,0.000
0.000,0.000,0.000,0.000,0.000,0.000,0.000,0.999,0.000,0.000,0.000,0.000,0.000,0.000,0.000,0.000,0.000,0.000,0.000,0.000
0.000,0.000,0.000,0.000,0.000,0.000,0.000,0.000,0.999,0.000,0.000,0.000,0.000,0.000,0.000,0.000,0.000,0.000,0.001,0.000
0.000,0.000,0.000,0.000,0.000,0.001,0.000,0.000,0.999,0.000,0.000,0.000,0.000,0.000,0.000,0.000,0.000,0.000,0.000,0.000
0.984,0.000,0.000,0.000,0.000,0.000,0.000,0.000,0.000,0.000,0.000,0.000,0.000,0.000,0.000,0.001,0.013,0.000,0.000,0.001
0.002,0.000,0.000,0.001,0.000,0.000,0.000,0.000,0.000,0.017,0.000,0.000,0.002,0.000,0.000,0.000,0.000,0.000,0.000,0.976
0.972,0.000,0.000,0.002,0.000,0.000,0.000,0.000,0.000,0.000,0.000,0.000,0.000,0.000,0.005,0.009,0.011,0.000,0.000,0.000
0.000,0.000,0.998,0.000,0.000,0.000,0.000,0.000,0.000,0.000,0.000,0.000,0.000,0.000,0.000,0.002,0.000,0.000,0.000,0.000
0.003,0.004,0.000,0.002,0.000,0.000,0.005,0.983,0.000,0.000,0.000,0.000,0.000,0.000,0.000,0.002,0.000,0.000,0.000,0.000
0.022,0.000,0.001,0.000,0.000,0.000,0.000,0.000,0.000,0.000,0.000,0.000,0.000,0.000,0.001,0.000,0.975,0.000,0.000,0.000
0.002,0.053,0.029,0.001,0.000,0.005,0.019,0.001,0.001,0.218,0.004,0.570,0.048,0.000,0.001,0.004,0.032,0.000,0.000,0.011
0.000,0.000,0.000,0.000,0.000,0.000,0.000,0.000,0.000,0.001,0.000,0.000,0.000,0.000,0.000,0.000,0.000,0.000,0.000,0.999
0.000,0.000,0.810,0.004,0.000,0.000,0.002,0.000,0.000,0.000,0.000,0.184,0.000,0.000,0.000,0.000,0.000,0.000,0.000,0.000
0.001,0.000,0.000,0.000,0.000,0.000,0.000,0.000,0.000,0.000,0.000,0.000,0.000,0.000,0.000,0.000,0.999,0.000,0.000,0.000
0.000,0.000,0.000,0.000,0.000,0.000,0.000,0.000,0.000,0.000,0.999,0.000,0.000,0.001,0.000,0.000,0.000,0.000,0.000,0.000
0.007,0.000,0.000,0.000,0.000,0.000,0.000,0.000,0.000,0.003,0.000,0.000,0.001,0.000,0.000,0.000,0.989,0.000,0.000,0.000
0.000,0.000,0.017,0.514,0.000,0.000,0.443,0.004,0.000,0.000,0.000,0.022,0.000,0.000,0.000,0.000,0.000,0.000,0.000,0.000
0.001,0.126,0.004,0.024,0.000,0.016,0.285,0.169,0.003,0.000,0.000,0.368,0.000,0.000,0.000,0.003,0.001,0.000,0.000,0.000
0.001,0.225,0.022,0.017,0.000,0.261,0.147,0.108,0.025,0.000,0.000,0.184,0.000,0.000,0.001,0.006,0.001,0.000,0.000,0.000
0.005,0.000,0.000,0.001,0.000,0.000,0.021,0.002,0.000,0.008,0.000,0.000,0.001,0.000,0.000,0.000,0.000,0.000,0.000,0.961
0.002,0.000,0.000,0.001,0.000,0.001,0.985,0.003,0.000,0.000,0.000,0.008,0.000,0.000,0.000,0.000,0.000,0.000,0.000,0.000
0.000,0.000,0.000,0.000,0.000,0.000,0.000,0.000,0.000,0.001,0.000,0.000,0.000,0.000,0.000,0.000,0.000,0.000,0.000,0.999
0.261,0.000,0.001,0.001,0.000,0.000,0.002,0.001,0.000,0.186,0.002,0.001,0.050,0.000,0.001,0.001,0.302,0.000,0.000,0.190
0.000,0.000,0.992,0.003,0.000,0.000,0.000,0.000,0.002,0.000,0.000,0.000,0.000,0.000,0.000,0.002,0.000,0.000,0.000,0.000
0.977,0.000,0.000,0.000,0.000,0.000,0.000,0.001,0.000,0.000,0.000,0.000,0.000,0.000,0.001,0.001,0.019,0.000,0.000,0.001
0.060,0.003,0.007,0.000,0.000,0.000,0.003,0.000,0.000,0.016,0.000,0.011,0.006,0.000,0.002,0.004,0.882,0.000,0.000,0.003
0.000,0.000,0.000,0.005,0.000,0.000,0.990,0.002,0.000,0.000,0.000,0.003,0.000,0.000,0.000,0.000,0.000,0.000,0.000,0.000
0.022,0.002,0.001,0.000,0.000,0.000,0.000,0.000,0.000,0.028,0.001,0.002,0.010,0.000,0.043,0.008,0.882,0.000,0.000,0.001
0.000,0.000,0.000,0.000,0.000,0.000,0.000,0.000,0.000,0.010,0.002,0.000,0.002,0.000,0.000,0.000,0.000,0.000,0.000,0.986
0.000,0.000,0.000,0.000,0.000,0.000,0.995,0.001,0.000,0.000,0.000,0.003,0.000,0.000,0.000,0.000,0.000,0.000,0.000,0.000
0.022,0.122,0.033,0.004,0.004,0.002,0.001,0.021,0.004,0.007,0.003,0.013,0.000,0.001,0.018,0.508,0.234,0.001,0.002,0.001
0.168,0.030,0.028,0.011,0.000,0.009,0.052,0.015,0.002,0.014,0.001,0.128,0.005,0.000,0.005,0.019,0.506,0.000,0.000,0.007
0.000,0.004,0.789,0.013,0.001,0.001,0.000,0.001,0.066,0.000,0.000,0.003,0.000,0.000,0.001,0.105,0.001,0.000,0.015,0.000
0.004,0.003,0.002,0.001,0.000,0.001,0.001,0.002,0.001,0.381,0.314,0.002,0.022,0.022,0.007,0.009,0.014,0.000,0.000,0.216
0.045,0.090,0.248,0.057,0.002,0.034,0.045,0.066,0.037,0.007,0.004,0.131,0.002,0.001,0.047,0.072,0.101,0.000,0.008,0.003
0.001,0.636,0.004,0.001,0.001,0.041,0.020,0.004,0.012,0.002,0.001,0.256,0.001,0.000,0.002,0.010,0.007,0.002,0.000,0.000
0.000,0.000,0.000,0.000,0.000,0.000,0.000,0.000,0.000,0.069,0.851,0.000,0.003,0.068,0.000,0.001,0.000,0.000,0.000,0.007
0.000,0.000,0.000,0.000,0.999,0.000,0.000,0.000,0.000,0.000,0.000,0.000,0.000,0.000,0.000,0.000,0.000,0.000,0.001,0.000
0.002,0.373,0.007,0.003,0.000,0.084,0.025,0.015,0.008,0.002,0.001,0.454,0.002,0.000,0.002,0.008,0.012,0.001,0.000,0.001
0.007,0.163,0.153,0.011,0.001,0.009,0.010,0.045,0.030,0.002,0.002,0.072,0.002,0.001,0.003,0.429,0.053,0.001,0.006,0.001
0.016,0.014,0.023,0.005,0.005,0.015,0.001,0.003,0.080,0.002,0.008,0.005,0.000,0.003,0.623,0.087,0.086,0.000,0.023,0.001
0.060,0.023,0.013,0.002,0.000,0.006,0.028,0.009,0.001,0.264,0.026,0.130,0.130,0.001,0.010,0.007,0.208,0.000,0.000,0.082
0.002,0.001,0.055,0.901,0.000,0.000,0.014,0.016,0.005,0.000,0.000,0.002,0.000,0.000,0.000,0.001,0.000,0.000,0.002,0.000
0.000,0.000,0.000,0.000,0.000,0.000,0.000,0.000,0.000,0.000,1.000,0.000,0.000,0.000,0.000,0.000,0.000,0.000,0.000,0.000
0.007,0.031,0.002,0.029,0.001,0.001,0.024,0.895,0.000,0.000,0.000,0.004,0.000,0.000,0.000,0.004,0.000,0.001,0.000,0.002
0.001,0.022,0.245,0.096,0.000,0.121,0.044,0.007,0.299,0.000,0.000,0.147,0.000,0.000,0.003,0.008,0.002,0.000,0.004,0.000
0.000,0.000,0.000,0.000,0.999,0.000,0.000,0.000,0.000,0.000,0.000,0.000,0.000,0.000,0.000,0.000,0.000,0.000,0.001,0.000
0.001,0.127,0.044,0.319,0.006,0.010,0.015,0.265,0.155,0.000,0.001,0.005,0.000,0.000,0.002,0.032,0.000,0.001,0.017,0.001
0.001,0.002,0.000,0.000,0.000,0.002,0.000,0.000,0.002,0.027,0.739,0.000,0.004,0.008,0.191,0.011,0.006,0.000,0.000,0.006
0.002,0.001,0.000,0.000,0.000,0.000,0.000,0.000,0.000,0.482,0.269,0.001,0.039,0.006,0.002,0.004,0.005,0.000,0.000,0.188
0.000,0.000,0.000,0.000,0.000,0.000,0.000,1.000,0.000,0.000,0.000,0.000,0.000,0.000,0.000,0.000,0.000,0.000,0.000,0.000
0.003,0.175,0.003,0.000,0.000,0.000,0.001,0.005,0.000,0.041,0.007,0.054,0.356,0.000,0.003,0.014,0.327,0.002,0.000,0.009
0.007,0.001,0.001,0.001,0.000,0.001,0.001,0.001,0.000,0.451,0.242,0.001,0.041,0.003,0.002,0.002,0.008,0.000,0.000,0.238
0.007,0.002,0.003,0.000,0.000,0.000,0.000,0.000,0.000,0.761,0.043,0.003,0.036,0.003,0.002,0.004,0.054,0.000,0.000,0.079
0.000,0.000,0.000,0.000,0.000,0.000,0.000,0.999,0.000,0.000,0.000,0.000,0.000,0.000,0.000,0.000,0.000,0.000,0.000,0.000
0.001,0.000,0.010,0.000,0.000,0.000,0.000,0.000,0.000,0.000,0.000,0.000,0.000,0.000,0.261,0.074,0.653,0.000,0.000,0.000
0.000,0.000,0.000,0.000,0.000,0.000,0.000,0.000,0.000,0.000,0.000,0.000,0.000,0.000,1.000,0.000,0.000,0.000,0.000,0.000
0.202,0.030,0.011,0.013,0.000,0.117,0.343,0.066,0.011,0.003,0.005,0.093,0.002,0.000,0.033,0.014,0.050,0.000,0.000,0.007
0.000,0.000,0.000,0.000,0.997,0.000,0.000,0.000,0.000,0.000,0.000,0.000,0.000,0.000,0.000,0.000,0.000,0.000,0.002,0.000
0.000,0.000,0.007,0.982,0.000,0.000,0.006,0.003,0.000,0.000,0.000,0.000,0.000,0.000,0.000,0.000,0.000,0.000,0.000,0.000
0.000,0.041,0.003,0.001,0.002,0.298,0.002,0.002,0.062,0.004,0.447,0.006,0.002,0.009,0.091,0.017,0.004,0.003,0.003,0.003
0.001,0.011,0.009,0.003,0.021,0.008,0.000,0.002,0.063,0.018,0.397,0.001,0.002,0.332,0.012,0.027,0.002,0.001,0.085,0.007
0.000,0.003,0.001,0.000,0.000,0.004,0.000,0.000,0.002,0.022,0.897,0.000,0.010,0.034,0.005,0.011,0.001,0.002,0.000,0.008
0.249,0.022,0.018,0.028,0.000,0.010,0.242,0.088,0.001,0.016,0.001,0.116,0.008,0.000,0.006,0.011,0.152,0.000,0.000,0.030
0.013,0.089,0.005,0.019,0.083,0.003,0.014,0.340,0.004,0.013,0.024,0.003,0.002,0.075,0.002,0.216,0.004,0.006,0.018,0.067
0.084,0.042,0.077,0.019,0.002,0.003,0.024,0.008,0.003,0.011,0.002,0.044,0.003,0.001,0.005,0.248,0.418,0.000,0.002,0.007
0.001,0.016,0.000,0.000,0.015,0.000,0.000,0.014,0.000,0.000,0.002,0.001,0.000,0.000,0.000,0.013,0.001,0.936,0.001,0.000
0.000,0.000,0.008,0.990,0.000,0.000,0.000,0.002,0.000,0.000,0.000,0.000,0.000,0.000,0.000,0.000,0.000,0.000,0.000,0.000
0.041,0.026,0.022,0.003,0.001,0.003,0.001,0.002,0.012,0.154,0.081,0.005,0.026,0.031,0.128,0.196,0.229,0.001,0.003,0.036
0.000,0.000,0.000,0.000,0.000,0.000,0.000,0.000,0.000,0.720,0.247,0.000,0.013,0.002,0.000,0.000,0.000,0.000,0.000,0.018
0.000,0.000,0.000,0.000,0.000,0.000,0.000,0.000,0.000,0.971,0.001,0.000,0.008,0.000,0.000,0.000,0.001,0.000,0.000,0.018
0.000,0.000,0.000,0.000,0.000,0.000,0.998,0.001,0.000,0.000,0.000,0.001,0.000,0.000,0.000,0.000,0.000,0.000,0.000,0.000
0.000,0.976,0.000,0.000,0.000,0.003,0.000,0.004,0.001,0.000,0.000,0.014,0.000,0.000,0.000,0.001,0.000,0.000,0.000,0.000
0.008,0.217,0.015,0.043,0.002,0.105,0.159,0.155,0.043,0.003,0.003,0.150,0.002,0.000,0.017,0.045,0.021,0.002,0.005,0.004
0.024,0.020,0.342,0.109,0.000,0.010,0.130,0.053,0.012,0.005,0.000,0.204,0.001,0.000,0.000,0.047,0.036,0.000,0.004,0.003
0.733,0.005,0.001,0.009,0.000,0.000,0.012,0.142,0.000,0.000,0.000,0.000,0.000,0.000,0.004,0.085,0.005,0.000,0.000,0.005
0.042,0.008,0.043,0.003,0.000,0.001,0.004,0.003,0.001,0.343,0.015,0.017,0.065,0.007,0.001,0.037,0.283,0.000,0.001,0.125
0.031,0.000,0.008,0.954,0.000,0.000,0.004,0.002,0.000,0.000,0.000,0.000,0.000,0.000,0.000,0.000,0.000,0.000,0.000,0.000
0.038,0.013,0.037,0.271,0.020,0.001,0.024,0.113,0.012,0.035,0.014,0.003,0.003,0.062,0.001,0.048,0.008,0.001,0.086,0.210
0.000,0.000,0.000,0.000,0.999,0.000,0.000,0.000,0.000,0.000,0.000,0.000,0.000,0.000,0.000,0.000,0.000,0.000,0.001,0.000
0.000,0.000,0.000,0.000,0.004,0.000,0.000,0.000,0.000,0.000,0.000,0.000,0.000,0.000,0.000,0.000,0.000,0.000,0.995,0.000
0.000,0.000,0.000,0.000,0.000,0.000,0.000,0.000,0.000,0.000,0.000,0.000,0.000,0.000,1.000,0.000,0.000,0.000,0.000,0.000
0.000,0.000,0.000,0.000,0.000,0.000,0.000,0.999,0.000,0.000,0.000,0.000,0.000,0.000,0.000,0.000,0.000,0.000,0.000,0.000
0.076,0.039,0.039,0.040,0.000,0.011,0.134,0.013,0.005,0.008,0.001,0.115,0.003,0.000,0.016,0.032,0.458,0.000,0.001,0.009
0.006,0.002,0.003,0.000,0.002,0.000,0.000,0.001,0.000,0.153,0.202,0.001,0.012,0.457,0.019,0.067,0.046,0.000,0.002,0.025
0.128,0.001,0.002,0.005,0.000,0.000,0.008,0.001,0.000,0.174,0.008,0.003,0.038,0.001,0.002,0.002,0.050,0.000,0.000,0.575
0.000,0.000,0.998,0.001,0.000,0.000,0.000,0.000,0.000,0.000,0.000,0.000,0.000,0.000,0.000,0.000,0.000,0.000,0.000,0.000
0.013,0.012,0.006,0.049,0.000,0.010,0.695,0.109,0.001,0.000,0.000,0.097,0.000,0.000,0.000,0.003,0.002,0.000,0.000,0.002
0.000,0.000,0.000,0.001,0.000,0.001,0.990,0.002,0.000,0.000,0.000,0.006,0.000,0.000,0.000,0.000,0.000,0.000,0.000,0.000
0.997,0.000,0.000,0.000,0.000,0.000,0.001,0.000,0.000,0.000,0.000,0.000,0.000,0.000,0.000,0.001,0.000,0.000,0.000,0.000
0.000,0.000,0.000,0.000,0.000,0.000,0.000,0.000,0.000,0.000,0.999,0.000,0.000,0.001,0.000,0.000,0.000,0.000,0.000,0.000
0.000,0.992,0.000,0.000,0.000,0.001,0.000,0.001,0.000,0.000,0.000,0.004,0.000,0.000,0.000,0.000,0.000,0.000,0.000,0.000
0.000,0.009,0.000,0.000,0.000,0.958,0.001,0.000,0.022,0.000,0.001,0.003,0.000,0.000,0.006,0.000,0.000,0.000,0.000,0.000
0.013,0.038,0.043,0.006,0.000,0.007,0.026,0.009,0.002,0.467,0.018,0.168,0.038,0.001,0.003,0.011,0.088,0.000,0.000,0.061
0.000,0.000,0.000,0.000,0.000,0.000,0.000,0.000,0.000,0.052,0.868,0.000,0.003,0.075,0.000,0.001,0.000,0.000,0.000,0.001
0.000,0.089,0.002,0.000,0.001,0.000,0.000,0.020,0.000,0.000,0.000,0.001,0.000,0.000,0.005,0.878,0.003,0.000,0.000,0.000
0.003,0.014,0.012,0.006,0.003,0.000,0.005,0.183,0.000,0.000,0.000,0.002,0.000,0.000,0.000,0.767,0.002,0.001,0.001,0.000
0.015,0.009,0.034,0.002,0.000,0.000,0.001,0.009,0.000,0.491,0.042,0.004,0.016,0.016,0.003,0.262,0.058,0.000,0.001,0.036
0.012,0.045,0.248,0.172,0.005,0.004,0.031,0.269,0.013,0.003,0.001,0.049,0.001,0.000,0.002,0.120,0.012,0.001,0.008,0.004
0.007,0.072,0.015,0.019,0.011,0.002,0.015,0.214,0.003,0.002,0.002,0.009,0.000,0.001,0.002,0.607,0.008,0.004,0.005,0.002
0.000,0.001,0.002,0.000,0.001,0.000,0.000,0.000,0.000,0.513,0.164,0.001,0.018,0.245,0.000,0.006,0.003,0.000,0.001,0.044
0.014,0.006,0.035,0.333,0.001,0.003,0.509,0.060,0.005,0.001,0.000,0.017,0.000,0.000,0.000,0.004,0.003,0.000,0.002,0.006
0.002,0.006,0.004,0.002,0.007,0.003,0.002,0.003,0.004,0.019,0.079,0.003,0.006,0.780,0.005,0.041,0.005,0.002,0.013,0.015
0.036,0.015,0.027,0.004,0.000,0.013,0.006,0.003,0.009,0.263,0.126,0.022,0.043,0.027,0.020,0.111,0.198,0.001,0.003,0.073
0.010,0.022,0.029,0.005,0.000,0.019,0.220,0.004,0.001,0.006,0.000,0.609,0.003,0.000,0.001,0.003,0.064,0.000,0.000,0.002
0.013,0.016,0.010,0.018,0.001,0.011,0.821,0.026,0.003,0.003,0.002,0.048,0.002,0.000,0.002,0.006,0.007,0.001,0.001,0.010
0.669,0.012,0.019,0.013,0.000,0.001,0.048,0.026,0.001,0.003,0.001,0.006,0.001,0.001,0.016,0.135,0.033,0.000,0.001,0.012
0.087,0.009,0.019,0.002,0.000,0.004,0.007,0.003,0.001,0.034,0.004,0.011,0.011,0.001,0.028,0.013,0.762,0.000,0.000,0.006
0.000,0.012,0.004,0.003,0.390,0.001,0.000,0.005,0.008,0.000,0.003,0.001,0.000,0.007,0.000,0.019,0.000,0.275,0.272,0.000
0.021,0.045,0.099,0.017,0.012,0.007,0.017,0.025,0.016,0.019,0.030,0.014,0.005,0.016,0.040,0.374,0.203,0.005,0.028,0.008
0.011,0.049,0.044,0.030,0.004,0.006,0.063,0.690,0.004,0.003,0.002,0.017,0.001,0.001,0.002,0.035,0.011,0.002,0.003,0.021
0.010,0.007,0.019,0.006,0.000,0.001,0.004,0.004,0.001,0.478,0.018,0.010,0.031,0.004,0.001,0.010,0.030,0.000,0.000,0.366
0.015,0.187,0.048,0.011,0.009,0.125,0.045,0.097,0.027,0.028,0.025,0.081,0.008,0.001,0.007,0.138,0.116,0.011,0.005,0.015
0.054,0.024,0.048,0.008,0.008,0.040,0.043,0.007,0.008,0.061,0.014,0.074,0.009,0.003,0.123,0.086,0.356,0.002,0.004,0.028
0.194,0.007,0.198,0.281,0.001,0.002,0.066,0.046,0.004,0.009,0.001,0.021,0.002,0.000,0.009,0.037,0.099,0.000,0.002,0.021
0.000,0.000,0.000,0.000,0.000,0.000,0.000,0.999,0.000,0.000,0.000,0.000,0.000,0.000,0.000,0.000,0.000,0.000,0.000,0.000
0.398,0.001,0.007,0.001,0.000,0.000,0.010,0.002,0.000,0.007,0.001,0.004,0.004,0.000,0.002,0.012,0.525,0.000,0.000,0.025
0.017,0.001,0.005,0.000,0.000,0.000,0.000,0.000,0.000,0.005,0.000,0.003,0.001,0.000,0.002,0.010,0.953,0.000,0.000,0.001
0.034,0.087,0.113,0.014,0.002,0.016,0.068,0.096,0.008,0.010,0.004,0.160,0.003,0.001,0.009,0.289,0.077,0.002,0.004,0.004
0.997,0.000,0.000,0.000,0.000,0.000,0.000,0.000,0.000,0.000,0.000,0.000,0.000,0.000,0.000,0.000,0.003,0.000,0.000,0.000
0.000,0.000,0.000,0.000,0.999,0.000,0.000,0.000,0.000,0.000,0.000,0.000,0.000,0.000,0.000,0.000,0.000,0.000,0.001,0.000
0.005,0.471,0.016,0.004,0.002,0.037,0.022,0.026,0.007,0.060,0.028,0.146,0.065,0.001,0.016,0.022,0.057,0.003,0.001,0.010
0.000,0.885,0.002,0.001,0.004,0.019,0.002,0.007,0.015,0.001,0.001,0.028,0.001,0.000,0.001,0.023,0.002,0.006,0.001,0.000
0.012,0.020,0.433,0.050,0.003,0.002,0.007,0.027,0.011,0.004,0.002,0.018,0.001,0.002,0.001,0.375,0.024,0.001,0.007,0.000
0.004,0.003,0.002,0.025,0.000,0.000,0.028,0.914,0.000,0.000,0.000,0.002,0.000,0.000,0.000,0.019,0.000,0.001,0.000,0.000
0.046,0.074,0.018,0.032,0.006,0.018,0.171,0.215,0.009,0.019,0.007,0.072,0.005,0.007,0.002,0.199,0.042,0.003,0.009,0.045
0.003,0.002,0.602,0.015,0.002,0.000,0.002,0.011,0.006,0.003,0.001,0.006,0.000,0.001,0.003,0.321,0.012,0.000,0.011,0.000
0.001,0.004,0.014,0.001,0.003,0.000,0.000,0.007,0.000,0.001,0.001,0.000,0.000,0.002,0.002,0.960,0.002,0.000,0.002,0.000
0.000,0.000,0.000,0.000,0.000,0.000,0.000,0.000,0.000,0.000,0.000,0.000,0.000,1.000,0.000,0.000,0.000,0.000,0.000,0.000
0.000,0.000,0.000,0.000,0.006,0.000,0.000,0.000,0.000,0.000,0.000,0.000,0.000,0.000,0.000,0.000,0.000,0.000,0.994,0.000
0.946,0.000,0.000,0.003,0.000,0.000,0.002,0.002,0.000,0.000,0.000,0.000,0.000,0.000,0.001,0.000,0.045,0.000,0.000,0.001
0.000,0.000,0.000,0.008,0.000,0.001,0.958,0.008,0.000,0.000,0.000,0.025,0.000,0.000,0.000,0.000,0.000,0.000,0.000,0.000
0.000,0.000,0.000,0.000,0.000,0.000,0.000,0.000,0.000,0.038,0.088,0.000,0.861,0.000,0.000,0.000,0.000,0.000,0.000,0.011
0.005,0.104,0.036,0.003,0.000,0.036,0.154,0.013,0.002,0.010,0.001,0.592,0.009,0.000,0.002,0.003,0.025,0.000,0.000,0.004
0.000,0.000,0.000,0.000,0.000,0.000,0.000,0.000,0.000,0.000,0.000,0.000,0.000,0.000,0.000,0.000,0.000,1.000,0.000,0.000
0.000,0.000,0.000,0.000,0.000,0.000,0.000,0.000,0.000,0.001,0.997,0.000,0.000,0.002,0.000,0.000,0.000,0.000,0.000,0.000
0.002,0.001,0.000,0.001,0.000,0.001,0.001,0.002,0.000,0.189,0.334,0.001,0.041,0.030,0.001,0.003,0.003,0.000,0.000,0.389
0.007,0.014,0.104,0.003,0.006,0.001,0.002,0.044,0.004,0.002,0.005,0.008,0.000,0.004,0.016,0.766,0.008,0.001,0.005,0.000
0.001,0.007,0.436,0.011,0.000,0.002,0.013,0.001,0.002,0.001,0.000,0.502,0.000,0.000,0.000,0.009,0.014,0.000,0.000,0.000
0.029,0.079,0.052,0.065,0.006,0.008,0.076,0.413,0.004,0.008,0.005,0.026,0.003,0.002,0.012,0.130,0.060,0.007,0.003,0.012
0.011,0.039,0.149,0.142,0.000,0.140,0.081,0.084,0.173,0.000,0.002,0.115,0.001,0.000,0.008,0.022,0.010,0.000,0.019,0.003
0.118,0.008,0.155,0.114,0.000,0.002,0.035,0.017,0.006,0.006,0.001,0.036,0.003,0.000,0.006,0.100,0.373,0.000,0.002,0.016
0.000,0.000,0.000,0.000,0.004,0.000,0.000,0.000,0.000,0.000,0.001,0.000,0.000,0.966,0.000,0.001,0.000,0.000,0.028,0.000
0.000,0.000,0.000,0.000,0.000,0.002,0.000,0.000,0.000,0.000,0.001,0.000,0.000,0.000,0.993,0.001,0.002,0.000,0.000,0.000
0.000,0.021,0.001,0.000,0.000,0.883,0.014,0.001,0.031,0.001,0.014,0.008,0.000,0.000,0.024,0.001,0.001,0.000,0.000,0.000
0.034,0.005,0.012,0.001,0.000,0.001,0.003,0.002,0.000,0.311,0.017,0.015,0.087,0.001,0.007,0.007,0.450,0.000,0.000,0.047
0.027,0.002,0.004,0.000,0.000,0.000,0.001,0.000,0.000,0.005,0.000,0.008,0.002,0.000,0.007,0.003,0.940,0.000,0.000,0.000
0.001,0.036,0.419,0.019,0.000,0.009,0.024,0.006,0.010,0.002,0.000,0.440,0.000,0.000,0.001,0.020,0.011,0.000,0.001,0.000
0.029,0.009,0.012,0.002,0.000,0.001,0.002,0.004,0.001,0.012,0.002,0.008,0.002,0.001,0.012,0.204,0.697,0.000,0.000,0.002
0.000,0.000,0.000,0.000,0.008,0.000,0.000,0.000,0.001,0.000,0.000,0.000,0.000,0.000,0.000,0.000,0.000,0.000,0.990,0.000
0.001,0.606,0.010,0.003,0.003,0.029,0.033,0.028,0.011,0.004,0.002,0.238,0.001,0.000,0.002,0.016,0.007,0.003,0.001,0.001
0.000,0.000,0.984,0.006,0.000,0.000,0.000,0.000,0.001,0.000,0.000,0.003,0.000,0.000,0.000,0.004,0.001,0.000,0.001,0.000
0.018,0.001,0.002,0.000,0.000,0.000,0.000,0.000,0.000,0.001,0.000,0.002,0.000,0.000,0.021,0.002,0.951,0.000,0.000,0.000
0.006,0.298,0.084,0.138,0.006,0.020,0.064,0.194,0.046,0.002,0.001,0.059,0.001,0.000,0.003,0.051,0.010,0.003,0.009,0.004
0.053,0.038,0.171,0.029,0.004,0.009,0.029,0.034,0.008,0.015,0.003,0.134,0.003,0.002,0.022,0.249,0.185,0.002,0.007,0.004
0.213,0.016,0.057,0.164,0.000,0.004,0.248,0.079,0.004,0.004,0.000,0.076,0.001,0.000,0.005,0.032,0.083,0.000,0.001,0.012
0.062,0.063,0.039,0.085,0.001,0.123,0.191,0.052,0.020,0.004,0.006,0.102,0.002,0.001,0.110,0.052,0.073,0.000,0.003,0.011
0.371,0.019,0.023,0.141,0.000,0.005,0.008,0.044,0.059,0.015,0.017,0.001,0.003,0.001,0.122,0.023,0.074,0.000,0.003,0.071
0.000,0.000,0.000,0.000,0.000,0.000,0.000,0.000,0.000,0.001,0.997,0.000,0.000,0.002,0.000,0.000,0.000,0.000,0.000,0.000
0.000,0.000,0.001,0.000,0.000,0.000,0.000,0.000,0.000,0.918,0.010,0.000,0.023,0.007,0.000,0.001,0.003,0.000,0.000,0.036
0.001,0.001,0.001,0.000,0.000,0.000,0.000,0.000,0.000,0.854,0.027,0.001,0.023,0.002,0.000,0.001,0.005,0.000,0.000,0.084
0.000,0.000,0.000,0.000,0.000,0.000,0.000,0.000,0.000,0.000,0.000,0.000,0.000,0.000,0.000,0.000,0.000,1.000,0.000,0.000
0.000,0.001,0.000,0.001,0.000,0.000,0.001,0.997,0.000,0.000,0.000,0.000,0.000,0.000,0.000,0.000,0.000,0.000,0.000,0.000
0.000,0.000,0.000,0.000,0.000,0.000,0.000,0.000,0.000,0.936,0.002,0.000,0.019,0.000,0.000,0.000,0.001,0.000,0.000,0.040
0.000,0.000,0.000,0.000,0.000,0.000,0.000,0.000,0.999,0.000,0.000,0.000,0.000,0.000,0.000,0.000,0.000,0.000,0.000,0.000
0.000,0.000,0.000,0.000,0.000,0.000,0.000,0.000,1.000,0.000,0.000,0.000,0.000,0.000,0.000,0.000,0.000,0.000,0.000,0.000
0.002,0.001,0.000,0.000,0.000,0.001,0.000,0.000,0.001,0.000,0.003,0.000,0.000,0.000,0.929,0.058,0.006,0.000,0.000,0.000
0.025,0.012,0.028,0.003,0.014,0.001,0.013,0.279,0.002,0.001,0.001,0.005,0.000,0.001,0.012,0.590,0.005,0.003,0.002,0.003
0.005,0.004,0.046,0.003,0.001,0.000,0.000,0.006,0.001,0.002,0.002,0.001,0.000,0.004,0.002,0.891,0.028,0.001,0.004,0.000
0.076,0.001,0.017,0.005,0.000,0.000,0.005,0.001,0.000,0.011,0.000,0.006,0.003,0.000,0.008,0.013,0.847,0.000,0.000,0.003
0.126,0.049,0.027,0.025,0.000,0.119,0.149,0.022,0.019,0.011,0.006,0.149,0.004,0.000,0.032,0.024,0.223,0.000,0.001,0.014
0.000,0.000,0.000,0.000,0.000,0.000,0.994,0.001,0.000,0.000,0.000,0.004,0.000,0.000,0.000,0.000,0.000,0.000,0.000,0.000
0.000,0.013,0.001,0.000,0.000,0.869,0.011,0.000,0.005,0.000,0.000,0.099,0.000,0.000,0.001,0.000,0.000,0.000,0.000,0.000
0.069,0.014,0.229,0.034,0.000,0.003,0.013,0.005,0.007,0.023,0.001,0.064,0.005,0.000,0.004,0.073,0.449,0.000,0.002,0.004
0.023,0.037,0.240,0.229,0.000,0.011,0.228,0.067,0.017,0.001,0.000,0.108,0.001,0.000,0.000,0.019,0.016,0.000,0.002,0.001
0.000,0.000,0.000,0.000,0.000,0.000,0.000,0.000,0.000,0.002,0.993,0.000,0.000,0.002,0.000,0.000,0.000,0.000,0.000,0.001
0.000,0.000,0.000,0.000,0.000,0.000,0.000,0.000,0.000,0.000,0.000,0.000,0.000,0.000,0.000,0.000,0.000,0.000,1.000,0.000
0.001,0.031,0.000,0.010,0.000,0.000,0.090,0.860,0.000,0.000,0.000,0.002,0.000,0.000,0.000,0.002,0.000,0.000,0.000,0.001
0.045,0.025,0.155,0.009,0.002,0.002,0.004,0.014,0.003,0.013,0.003,0.019,0.002,0.001,0.030,0.389,0.279,0.000,0.003,0.002
0.030,0.139,0.016,0.035,0.002,0.142,0.244,0.202,0.024,0.001,0.003,0.097,0.001,0.000,0.022,0.030,0.004,0.002,0.002,0.003
0.002,0.002,0.499,0.014,0.000,0.000,0.001,0.005,0.004,0.001,0.001,0.004,0.000,0.000,0.003,0.446,0.011,0.000,0.007,0.000
0.006,0.266,0.014,0.001,0.000,0.085,0.019,0.005,0.006,0.074,0.105,0.266,0.034,0.001,0.030,0.028,0.042,0.001,0.000,0.017
0.000,0.030,0.002,0.000,0.015,0.001,0.000,0.001,0.007,0.001,0.093,0.000,0.000,0.040,0.012,0.779,0.000,0.006,0.013,0.000
0.000,0.000,0.000,0.000,0.000,0.000,0.000,0.000,0.000,0.879,0.003,0.000,0.005,0.001,0.000,0.000,0.006,0.000,0.000,0.105
0.020,0.002,0.010,0.000,0.000,0.000,0.000,0.000,0.000,0.002,0.000,0.000,0.000,0.000,0.011,0.506,0.448,0.000,0.000,0.000
0.001,0.000,0.000,0.000,0.000,0.000,0.000,0.000,0.000,0.010,0.001,0.000,0.001,0.000,0.000,0.000,0.000,0.000,0.000,0.986
0.001,0.009,0.000,0.009,0.000,0.000,0.013,0.961,0.000,0.000,0.000,0.001,0.000,0.000,0.000,0.005,0.000,0.000,0.000,0.000
0.002,0.005,0.017,0.001,0.001,0.000,0.000,0.004,0.000,0.001,0.001,0.001,0.000,0.001,0.005,0.951,0.011,0.000,0.001,0.000
0.002,0.018,0.028,0.001,0.002,0.000,0.000,0.023,0.000,0.000,0.001,0.001,0.000,0.000,0.001,0.919,0.003,0.000,0.001,0.000
0.040,0.038,0.216,0.012,0.000,0.005,0.026,0.006,0.006,0.024,0.001,0.113,0.005,0.000,0.002,0.060,0.441,0.000,0.002,0.003
0.000,0.000,0.000,0.000,0.035,0.000,0.000,0.000,0.002,0.000,0.000,0.000,0.000,0.004,0.000,0.001,0.000,0.000,0.956,0.000
0.000,0.002,0.000,0.000,0.000,0.985,0.000,0.000,0.009,0.000,0.000,0.003,0.000,0.000,0.001,0.000,0.000,0.000,0.000,0.000
0.002,0.105,0.190,0.020,0.001,0.086,0.027,0.010,0.120,0.003,0.003,0.364,0.001,0.000,0.015,0.034,0.019,0.000,0.003,0.000
0.000,0.008,0.158,0.002,0.002,0.000,0.000,0.002,0.002,0.000,0.000,0.001,0.000,0.000,0.001,0.818,0.002,0.000,0.004,0.000
0.000,0.000,0.000,0.000,0.000,0.000,0.000,0.000,0.000,0.000,0.002,0.000,0.000,0.997,0.000,0.000,0.000,0.000,0.000,0.000
0.068,0.001,0.001,0.004,0.000,0.000,0.009,0.002,0.000,0.246,0.017,0.002,0.045,0.003,0.000,0.003,0.057,0.000,0.000,0.542
0.000,0.000,0.000,0.000,0.000,0.000,0.000,0.000,0.000,0.000,0.000,0.000,0.000,0.000,1.000,0.000,0.000,0.000,0.000,0.000
0.131,0.017,0.120,0.123,0.001,0.001,0.038,0.114,0.001,0.059,0.014,0.013,0.005,0.007,0.002,0.221,0.033,0.000,0.002,0.096
0.059,0.001,0.000,0.000,0.000,0.000,0.000,0.001,0.000,0.327,0.107,0.000,0.039,0.002,0.027,0.004,0.063,0.000,0.000,0.369
0.000,0.000,0.000,0.000,0.000,0.000,0.000,0.999,0.000,0.000,0.000,0.000,0.000,0.000,0.000,0.000,0.000,0.000,0.000,0.000
0.920,0.000,0.000,0.002,0.000,0.000,0.002,0.001,0.000,0.000,0.000,0.000,0.000,0.000,0.003,0.002,0.067,0.000,0.000,0.002
0.000,1.000,0.000,0.000,0.000,0.000,0.000,0.000,0.000,0.000,0.000,0.000,0.000,0.000,0.000,0.000,0.000,0.000,0.000,0.000
0.000,0.000,0.000,0.000,0.000,0.000,0.000,0.000,0.000,0.000,0.000,0.000,0.000,0.000,0.999,0.000,0.000,0.000,0.000,0.000
0.000,0.029,0.000,0.000,0.000,0.956,0.002,0.000,0.005,0.000,0.000,0.005,0.000,0.000,0.002,0.000,0.000,0.000,0.000,0.000
0.001,0.000,0.000,0.000,0.000,0.000,0.000,0.000,0.000,0.006,0.000,0.000,0.001,0.000,0.000,0.000,0.000,0.000,0.000,0.992
0.000,0.000,0.975,0.010,0.000,0.000,0.000,0.000,0.003,0.000,0.000,0.003,0.000,0.000,0.000,0.008,0.000,0.000,0.000,0.000
0.001,0.004,0.000,0.008,0.000,0.000,0.038,0.943,0.000,0.000,0.000,0.001,0.000,0.000,0.000,0.002,0.000,0.000,0.000,0.001
0.000,0.001,0.000,0.000,0.000,0.992,0.000,0.000,0.007,0.000,0.000,0.000,0.000,0.000,0.000,0.000,0.000,0.000,0.000,0.000
0.000,0.001,0.008,0.000,0.002,0.000,0.000,0.004,0.000,0.000,0.000,0.000,0.000,0.000,0.002,0.979,0.001,0.000,0.000,0.000
0.000,0.000,0.000,0.000,0.000,0.000,0.000,1.000,0.000,0.000,0.000,0.000,0.000,0.000,0.000,0.000,0.000,0.000,0.000,0.000
0.000,0.997,0.000,0.000,0.000,0.000,0.000,0.001,0.000,0.000,0.000,0.001,0.000,0.000,0.000,0.000,0.000,0.000,0.000,0.000
0.000,0.000,0.000,0.000,0.000,0.000,0.000,0.000,0.000,0.982,0.000,0.000,0.014,0.000,0.000,0.000,0.000,0.000,0.000,0.003
0.000,0.000,0.018,0.975,0.000,0.000,0.002,0.004,0.000,0.000,0.000,0.000,0.000,0.000,0.000,0.000,0.000,0.000,0.000,0.000
0.000,0.000,0.000,0.000,0.000,0.000,0.000,0.000,0.000,0.000,0.000,0.000,0.000,0.999,0.000,0.000,0.000,0.000,0.000,0.000
0.000,0.001,0.003,0.001,0.000,0.002,0.000,0.000,0.950,0.000,0.000,0.000,0.000,0.000,0.000,0.000,0.000,0.000,0.041,0.000
0.000,0.000,0.000,0.000,0.000,0.000,0.000,0.000,0.000,0.000,0.000,0.000,0.000,0.000,0.000,0.000,0.000,1.000,0.000,0.000
0.018,0.031,0.015,0.003,0.001,0.009,0.003,0.005,0.006,0.118,0.175,0.017,0.047,0.014,0.086,0.089,0.319,0.001,0.001,0.041
0.000,0.001,0.000,0.000,0.000,0.001,0.000,0.000,0.000,0.102,0.785,0.000,0.048,0.010,0.003,0.002,0.002,0.000,0.000,0.046
0.000,0.000,0.000,0.000,0.000,0.000,0.000,0.000,0.000,0.033,0.769,0.000,0.017,0.011,0.000,0.000,0.000,0.000,0.000,0.169
0.006,0.086,0.101,0.048,0.001,0.170,0.113,0.018,0.084,0.002,0.001,0.329,0.001,0.000,0.011,0.019,0.006,0.000,0.004,0.001
0.001,0.000,0.000,0.000,0.000,0.001,0.000,0.000,0.001,0.000,0.001,0.000,0.000,0.000,0.994,0.001,0.001,0.000,0.000,0.000
0.005,0.027,0.073,0.155,0.002,0.001,0.035,0.588,0.005,0.001,0.000,0.018,0.000,0.000,0.001,0.081,0.003,0.001,0.002,0.002
0.000,0.000,0.002,0.991,0.000,0.000,0.005,0.002,0.000,0.000,0.000,0.000,0.000,0.000,0.000,0.000,0.000,0.000,0.000,0.000
0.055,0.006,0.089,0.017,0.001,0.001,0.004,0.002,0.004,0.049,0.003,0.012,0.006,0.001,0.005,0.154,0.581,0.000,0.002,0.007
0.000,0.000,0.000,0.000,0.000,0.000,0.000,0.000,0.000,0.832,0.000,0.000,0.012,0.000,0.000,0.000,0.000,0.000,0.000,0.156
0.010,0.000,0.000,0.000,0.000,0.000,0.000,0.000,0.000,0.001,0.000,0.000,0.000,0.000,0.000,0.000,0.987,0.000,0.000,0.000
0.000,0.000,0.000,0.000,0.000,0.000,0.000,0.000,0.000,0.000,0.000,0.000,0.000,1.000,0.000,0.000,0.000,0.000,0.000,0.000
0.011,0.009,0.011,0.000,0.001,0.000,0.001,0.017,0.000,0.001,0.000,0.002,0.000,0.000,0.004,0.892,0.049,0.000,0.001,0.000
0.001,0.026,0.023,0.005,0.056,0.006,0.001,0.004,0.070,0.006,0.119,0.001,0.001,0.283,0.010,0.144,0.002,0.001,0.240,0.003
0.000,0.000,0.996,0.003,0.000,0.000,0.000,0.000,0.000,0.000,0.000,0.000,0.000,0.000,0.000,0.001,0.000,0.000,0.000,0.000
0.000,0.000,0.000,0.000,0.000,0.000,0.000,0.999,0.000,0.000,0.000,0.000,0.000,0.000,0.000,0.000,0.000,0.000,0.000,0.000
0.362,0.009,0.007,0.106,0.000,0.001,0.073,0.349,0.001,0.001,0.000,0.006,0.000,0.000,0.002,0.043,0.025,0.000,0.000,0.014
0.000,0.000,0.000,0.000,0.000,0.000,0.000,0.000,0.000,0.003,0.663,0.000,0.001,0.329,0.000,0.001,0.000,0.000,0.000,0.002
0.000,0.000,0.000,0.000,0.000,0.000,0.000,0.000,0.000,0.942,0.009,0.000,0.008,0.001,0.000,0.000,0.004,0.000,0.000,0.035
0.997,0.000,0.000,0.000,0.000,0.000,0.000,0.000,0.000,0.000,0.000,0.000,0.000,0.000,0.000,0.000,0.002,0.000,0.000,0.000
0.000,0.000,0.000,0.000,0.000,0.000,0.000,0.000,0.000,0.000,0.000,0.000,0.000,0.000,1.000,0.000,0.000,0.000,0.000,0.000
0.014,0.027,0.214,0.153,0.014,0.001,0.015,0.160,0.009,0.002,0.002,0.006,0.000,0.001,0.003,0.322,0.008,0.009,0.038,0.002
0.000,0.973,0.000,0.000,0.005,0.002,0.000,0.002,0.007,0.000,0.000,0.002,0.000,0.000,0.000,0.006,0.000,0.001,0.000,0.000
0.900,0.000,0.000,0.005,0.000,0.000,0.003,0.006,0.000,0.000,0.000,0.000,0.000,0.000,0.000,0.000,0.004,0.000,0.000,0.080
0.003,0.019,0.047,0.011,0.037,0.002,0.002,0.014,0.010,0.005,0.015,0.004,0.001,0.098,0.008,0.299,0.007,0.004,0.409,0.002
0.011,0.212,0.125,0.009,0.002,0.005,0.037,0.017,0.002,0.018,0.004,0.378,0.003,0.001,0.007,0.125,0.037,0.001,0.002,0.003
0.000,0.000,0.000,0.000,0.000,0.000,0.000,0.000,0.000,0.044,0.650,0.000,0.002,0.278,0.001,0.003,0.000,0.000,0.001,0.020
0.010,0.041,0.021,0.001,0.001,0.018,0.003,0.006,0.006,0.226,0.368,0.029,0.051,0.028,0.012,0.036,0.049,0.001,0.002,0.091
0.001,0.615,0.003,0.005,0.000,0.011,0.029,0.276,0.004,0.000,0.000,0.029,0.001,0.000,0.001,0.017,0.002,0.003,0.000,0.001
0.003,0.246,0.003,0.005,0.002,0.008,0.012,0.663,0.003,0.001,0.000,0.017,0.000,0.000,0.001,0.028,0.002,0.004,0.001,0.001
0.018,0.085,0.037,0.065,0.001,0.020,0.199,0.316,0.004,0.002,0.000,0.208,0.001,0.000,0.001,0.023,0.012,0.001,0.001,0.006
0.001,0.025,0.005,0.000,0.002,0.001,0.000,0.013,0.002,0.006,0.128,0.000,0.001,0.019,0.018,0.769,0.001,0.004,0.001,0.002
0.018,0.293,0.002,0.011,0.001,0.007,0.037,0.238,0.003,0.031,0.030,0.045,0.094,0.001,0.004,0.021,0.014,0.005,0.000,0.144
0.023,0.025,0.010,0.010,0.000,0.001,0.014,0.042,0.001,0.439,0.020,0.014,0.015,0.004,0.002,0.027,0.021,0.000,0.000,0.333
0.003,0.025,0.002,0.001,0.000,0.060,0.007,0.006,0.007,0.036,0.704,0.007,0.008,0.040,0.024,0.007,0.003,0.000,0.001,0.059
0.001,0.348,0.048,0.003,0.002,0.268,0.023,0.023,0.036,0.001,0.004,0.108,0.000,0.000,0.022,0.101,0.007,0.001,0.004,0.000
0.008,0.032,0.054,0.048,0.007,0.002,0.014,0.092,0.005,0.002,0.002,0.008,0.000,0.002,0.003,0.685,0.016,0.003,0.014,0.003
0.203,0.017,0.015,0.419,0.001,0.002,0.096,0.140,0.001,0.003,0.001,0.014,0.001,0.000,0.004,0.025,0.036,0.000,0.001,0.022
0.007,0.002,0.001,0.001,0.000,0.001,0.001,0.002,0.001,0.105,0.591,0.001,0.061,0.015,0.003,0.004,0.003,0.000,0.000,0.202
0.049,0.066,0.016,0.005,0.001,0.032,0.012,0.007,0.020,0.086,0.143,0.050,0.010,0.008,0.351,0.033,0.068,0.000,0.002,0.041
0.062,0.016,0.042,0.096,0.002,0.006,0.037,0.054,0.014,0.149,0.109,0.012,0.009,0.019,0.011,0.038,0.018,0.001,0.006,0.299
0.046,0.005,0.329,0.136,0.001,0.000,0.015,0.041,0.001,0.001,0.000,0.008,0.000,0.000,0.000,0.394,0.020,0.000,0.002,0.001
0.002,0.003,0.663,0.071,0.001,0.001,0.003,0.008,0.009,0.002,0.000,0.009,0.000,0.000,0.001,0.213,0.006,0.000,0.007,0.000
0.000,0.000,0.000,0.000,0.999,0.000,0.000,0.000,0.000,0.000,0.000,0.000,0.000,0.000,0.000,0.000,0.000,0.000,0.001,0.000
0.042,0.055,0.015,0.040,0.000,0.010,0.532,0.123,0.002,0.004,0.001,0.121,0.001,0.000,0.000,0.015,0.010,0.000,0.001,0.026
0.001,0.003,0.001,0.000,0.000,0.000,0.000,0.052,0.000,0.000,0.000,0.000,0.000,0.000,0.000,0.942,0.001,0.000,0.000,0.000
0.001,0.008,0.044,0.034,0.000,0.002,0.207,0.006,0.001,0.000,0.000,0.697,0.000,0.000,0.000,0.000,0.001,0.000,0.000,0.000
0.000,0.000,0.000,0.000,0.999,0.000,0.000,0.000,0.000,0.000,0.000,0.000,0.000,0.000,0.000,0.000,0.000,0.000,0.001,0.000
0.000,0.000,0.000,0.000,0.001,0.000,0.000,0.000,0.000,0.000,0.019,0.000,0.000,0.970,0.000,0.001,0.000,0.000,0.009,0.000
0.002,0.414,0.029,0.011,0.043,0.038,0.005,0.022,0.138,0.003,0.036,0.022,0.001,0.002,0.024,0.057,0.010,0.105,0.039,0.001
0.010,0.267,0.098,0.016,0.018,0.016,0.031,0.112,0.012,0.007,0.006,0.085,0.002,0.002,0.010,0.259,0.023,0.010,0.014,0.002
0.020,0.070,0.006,0.031,0.003,0.004,0.119,0.666,0.001,0.002,0.001,0.015,0.001,0.000,0.001,0.027,0.003,0.003,0.001,0.027
0.000,0.000,0.000,0.000,0.000,0.000,0.000,0.999,0.000,0.000,0.000,0.000,0.000,0.000,0.000,0.000,0.000,0.000,0.000,0.000
0.074,0.011,0.018,0.000,0.000,0.000,0.000,0.008,0.000,0.002,0.000,0.001,0.000,0.000,0.014,0.444,0.427,0.000,0.000,0.000
0.000,0.000,0.000,0.000,0.000,0.000,0.000,0.000,0.000,0.930,0.012,0.000,0.030,0.001,0.000,0.000,0.002,0.000,0.000,0.023
0.003,0.002,0.756,0.029,0.000,0.000,0.001,0.002,0.003,0.105,0.001,0.014,0.002,0.001,0.000,0.042,0.031,0.000,0.001,0.007
0.035,0.002,0.016,0.000,0.000,0.000,0.000,0.001,0.000,0.003,0.000,0.001,0.000,0.000,0.011,0.162,0.768,0.000,0.000,0.000
0.005,0.038,0.536,0.045,0.001,0.006,0.025,0.018,0.013,0.005,0.001,0.107,0.001,0.001,0.001,0.153,0.039,0.001,0.004,0.001
0.000,0.009,0.000,0.000,0.000,0.002,0.000,0.000,0.002,0.018,0.917,0.001,0.007,0.012,0.007,0.005,0.001,0.001,0.000,0.017
0.000,0.000,0.000,0.000,0.000,0.000,0.000,0.000,0.000,0.000,0.000,0.000,0.000,0.000,0.998,0.000,0.001,0.000,0.000,0.000
0.000,0.000,0.000,0.000,0.000,0.000,0.000,0.000,0.000,0.000,0.000,0.000,0.000,1.000,0.000,0.000,0.000,0.000,0.000,0.000
0.000,0.001,0.000,0.000,0.000,0.991,0.000,0.000,0.007,0.000,0.000,0.001,0.000,0.000,0.000,0.000,0.000,0.000,0.000,0.000
0.000,0.000,0.999,0.001,0.000,0.000,0.000,0.000,0.000,0.000,0.000,0.000,0.000,0.000,0.000,0.000,0.000,0.000,0.000,0.000
0.001,0.001,0.001,0.000,0.000,0.000,0.000,0.000,0.000,0.490,0.305,0.001,0.027,0.006,0.001,0.002,0.005,0.000,0.000,0.159
0.000,0.003,0.095,0.002,0.001,0.000,0.000,0.004,0.001,0.000,0.000,0.001,0.000,0.000,0.001,0.886,0.003,0.000,0.003,0.000
0.009,0.036,0.003,0.000,0.000,0.017,0.000,0.002,0.015,0.001,0.013,0.005,0.000,0.001,0.744,0.115,0.035,0.000,0.001,0.000
0.000,0.946,0.001,0.000,0.001,0.003,0.000,0.012,0.007,0.000,0.001,0.019,0.000,0.000,0.001,0.008,0.001,0.000,0.000,0.000
0.273,0.000,0.000,0.000,0.000,0.000,0.000,0.000,0.000,0.001,0.000,0.001,0.000,0.000,0.001,0.001,0.721,0.000,0.000,0.001
0.000,0.000,0.000,0.000,0.000,0.000,0.000,0.000,0.000,0.053,0.001,0.000,0.007,0.000,0.000,0.000,0.000,0.000,0.000,0.939
0.000,0.000,0.000,0.000,0.000,0.000,0.001,0.999,0.000,0.000,0.000,0.000,0.000,0.000,0.000,0.000,0.000,0.000,0.000,0.000
0.000,0.046,0.017,0.005,0.000,0.225,0.135,0.003,0.011,0.000,0.000,0.555,0.000,0.000,0.001,0.000,0.002,0.000,0.000,0.000
0.000,0.000,0.000,0.000,0.999,0.000,0.000,0.000,0.000,0.000,0.000,0.000,0.000,0.000,0.000,0.000,0.000,0.000,0.001,0.000
0.000,0.000,0.000,0.000,0.000,0.000,0.000,0.000,0.000,0.000,0.000,0.000,0.000,0.000,0.999,0.000,0.000,0.000,0.000,0.000
0.000,0.014,0.000,0.000,0.000,0.000,0.000,0.000,0.000,0.000,0.000,0.986,0.000,0.000,0.000,0.000,0.000,0.000,0.000,0.000
0.000,0.000,0.000,0.000,0.001,0.000,0.000,0.000,0.000,0.000,0.000,0.000,0.000,0.000,0.000,0.000,0.000,0.000,0.999,0.000
0.001,0.000,0.000,0.000,0.000,0.000,0.000,0.000,0.000,0.010,0.000,0.000,0.001,0.000,0.000,0.000,0.000,0.000,0.000,0.988
0.000,0.015,0.218,0.002,0.000,0.003,0.009,0.001,0.003,0.001,0.000,0.735,0.000,0.000,0.000,0.003,0.010,0.000,0.000,0.000
0.000,0.094,0.003,0.001,0.000,0.547,0.019,0.002,0.022,0.000,0.001,0.302,0.000,0.000,0.002,0.002,0.002,0.000,0.000,0.000
0.035,0.154,0.038,0.015,0.000,0.040,0.110,0.046,0.003,0.003,0.001,0.460,0.005,0.000,0.009,0.020,0.054,0.001,0.001,0.004
0.000,0.002,0.005,0.000,0.001,0.000,0.000,0.003,0.000,0.000,0.001,0.000,0.000,0.001,0.001,0.983,0.002,0.000,0.001,0.000
0.000,0.000,0.000,0.000,0.000,0.000,0.000,0.000,0.000,0.000,0.999,0.000,0.000,0.000,0.000,0.000,0.000,0.000,0.000,0.000
0.001,0.012,0.001,0.000,0.000,0.007,0.000,0.000,0.002,0.023,0.858,0.002,0.045,0.010,0.012,0.008,0.002,0.001,0.000,0.016
0.000,0.000,0.000,0.000,0.000,0.000,0.000,0.000,0.000,0.001,0.996,0.000,0.000,0.003,0.000,0.000,0.000,0.000,0.000,0.000
0.995,0.000,0.000,0.000,0.000,0.000,0.000,0.000,0.000,0.000,0.000,0.000,0.000,0.000,0.000,0.000,0.003,0.000,0.000,0.001
0.005,0.000,0.000,0.000,0.000,0.000,0.000,0.000,0.000,0.000,0.000,0.000,0.000,0.000,0.000,0.000,0.994,0.000,0.000,0.000
0.000,0.000,0.000,0.000,0.000,0.000,0.001,0.999,0.000,0.000,0.000,0.000,0.000,0.000,0.000,0.000,0.000,0.000,0.000,0.000
0.000,0.000,0.000,0.000,0.000,0.000,0.000,0.000,0.000,0.004,0.001,0.000,0.994,0.000,0.000,0.000,0.000,0.000,0.000,0.001
0.000,0.968,0.000,0.000,0.000,0.001,0.000,0.001,0.000,0.000,0.000,0.029,0.000,0.000,0.000,0.000,0.000,0.000,0.000,0.000
0.000,0.000,0.998,0.001,0.000,0.000,0.000,0.000,0.000,0.000,0.000,0.000,0.000,0.000,0.000,0.000,0.000,0.000,0.000,0.000
0.001,0.000,0.000,0.000,0.000,0.000,0.000,0.000,0.000,0.020,0.001,0.000,0.005,0.000,0.000,0.000,0.000,0.000,0.000,0.972
0.000,0.000,0.000,0.000,0.000,0.000,0.000,0.000,0.000,0.000,0.000,0.000,0.000,0.000,1.000,0.000,0.000,0.000,0.000,0.000
0.009,0.002,0.001,0.025,0.000,0.006,0.901,0.025,0.000,0.000,0.000,0.027,0.000,0.000,0.000,0.000,0.001,0.000,0.000,0.002
0.004,0.004,0.014,0.001,0.000,0.000,0.001,0.000,0.001,0.788,0.015,0.011,0.043,0.002,0.001,0.008,0.031,0.000,0.000,0.077
0.007,0.083,0.005,0.001,0.000,0.677,0.013,0.004,0.033,0.001,0.019,0.031,0.001,0.000,0.095,0.014,0.014,0.000,0.001,0.001
0.023,0.056,0.013,0.063,0.004,0.005,0.076,0.620,0.003,0.001,0.001,0.021,0.001,0.000,0.003,0.080,0.010,0.005,0.002,0.013
0.000,0.980,0.000,0.000,0.000,0.002,0.000,0.002,0.001,0.000,0.000,0.013,0.000,0.000,0.000,0.001,0.000,0.000,0.000,0.000
0.000,0.000,0.000,0.000,0.000,0.000,0.000,0.999,0.000,0.000,0.000,0.000,0.000,0.000,0.000,0.000,0.000,0.000,0.000,0.000
0.000,0.000,0.000,0.000,0.000,0.000,0.000,0.000,0.000,0.000,1.000,0.000,0.000,0.000,0.000,0.000,0.000,0.000,0.000,0.000
0.000,0.000,0.000,0.000,0.000,0.000,0.000,0.000,0.000,0.000,0.000,0.000,0.000,1.000,0.000,0.000,0.000,0.000,0.000,0.000
0.000,0.000,0.000,0.000,0.000,0.000,0.000,1.000,0.000,0.000,0.000,0.000,0.000,0.000,0.000,0.000,0.000,0.000,0.000,0.000
0.999,0.000,0.000,0.000,0.000,0.000,0.000,0.000,0.000,0.000,0.000,0.000,0.000,0.000,0.000,0.000,0.000,0.000,0.000,0.000
0.000,0.000,0.000,0.000,0.000,0.000,0.000,0.000,0.000,1.000,0.000,0.000,0.000,0.000,0.000,0.000,0.000,0.000,0.000,0.000
0.999,0.000,0.000,0.000,0.000,0.000,0.000,0.000,0.000,0.000,0.000,0.000,0.000,0.000,0.000,0.000,0.001,0.000,0.000,0.000
0.000,0.000,0.000,0.000,0.000,0.000,0.000,0.999,0.000,0.000,0.000,0.000,0.000,0.000,0.000,0.000,0.000,0.000,0.000,0.000
0.000,0.000,0.000,0.000,0.000,0.000,0.000,0.000,0.000,0.000,0.000,0.000,0.000,1.000,0.000,0.000,0.000,0.000,0.000,0.000
0.000,0.000,0.000,0.000,0.000,0.000,0.000,0.000,0.000,0.999,0.000,0.000,0.001,0.000,0.000,0.000,0.000,0.000,0.000,0.001
0.000,0.000,0.000,0.000,0.000,0.000,0.998,0.000,0.000,0.000,0.000,0.001,0.000,0.000,0.000,0.000,0.000,0.000,0.000,0.000
0.000,0.000,0.985,0.013,0.000,0.000,0.000,0.000,0.000,0.000,0.000,0.000,0.000,0.000,0.000,0.002,0.000,0.000,0.000,0.000
0.000,0.000,0.000,0.000,0.000,0.000,0.001,0.999,0.000,0.000,0.000,0.000,0.000,0.000,0.000,0.000,0.000,0.000,0.000,0.000
0.000,0.000,0.000,0.000,0.000,0.000,0.000,0.000,0.000,0.000,0.000,0.000,0.000,0.000,0.000,0.000,0.000,1.000,0.000,0.000
0.002,0.001,0.000,0.001,0.000,0.055,0.910,0.004,0.000,0.000,0.000,0.028,0.000,0.000,0.000,0.000,0.000,0.000,0.000,0.000
0.000,0.000,0.000,0.000,0.000,0.000,0.000,0.999,0.000,0.000,0.000,0.000,0.000,0.000,0.000,0.000,0.000,0.000,0.000,0.000
0.000,0.001,0.000,0.000,0.000,0.000,0.000,0.000,0.000,0.040,0.618,0.000,0.309,0.011,0.001,0.001,0.001,0.000,0.000,0.016
0.000,0.000,0.000,0.000,0.000,0.000,0.000,0.000,0.000,0.593,0.003,0.000,0.034,0.000,0.000,0.000,0.001,0.000,0.000,0.369
0.000,0.000,0.003,0.996,0.000,0.000,0.000,0.000,0.000,0.000,0.000,0.000,0.000,0.000,0.000,0.000,0.000,0.000,0.000,0.000
0.000,0.000,0.000,0.000,0.000,0.000,0.000,0.999,0.000,0.000,0.000,0.000,0.000,0.000,0.000,0.000,0.000,0.000,0.000,0.000
0.000,0.000,0.000,0.000,0.000,0.000,0.000,0.000,0.000,0.000,0.000,0.000,0.000,0.000,0.000,0.000,0.000,1.000,0.000,0.000
0.000,0.000,0.000,0.000,0.002,0.000,0.000,0.000,0.000,0.000,0.000,0.000,0.000,0.000,0.000,0.000,0.000,0.000,0.998,0.000
0.000,0.000,0.000,0.000,0.000,0.000,0.000,0.999,0.000,0.000,0.000,0.000,0.000,0.000,0.000,0.000,0.000,0.000,0.000,0.000
0.000,0.000,0.000,0.000,0.000,0.000,0.000,0.000,0.000,0.000,0.000,0.000,0.000,1.000,0.000,0.000,0.000,0.000,0.000,0.000
0.000,0.997,0.000,0.000,0.000,0.001,0.000,0.000,0.002,0.000,0.000,0.000,0.000,0.000,0.000,0.000,0.000,0.000,0.000,0.000
0.000,0.000,0.000,0.000,0.000,0.000,0.000,0.000,0.999,0.000,0.000,0.000,0.000,0.000,0.000,0.000,0.000,0.000,0.000,0.000
0.000,0.003,0.000,0.000,0.000,0.992,0.000,0.000,0.003,0.000,0.000,0.001,0.000,0.000,0.000,0.000,0.000,0.000,0.000,0.000
0.000,0.000,0.998,0.001,0.000,0.000,0.000,0.000,0.000,0.000,0.000,0.000,0.000,0.000,0.000,0.000,0.000,0.000,0.000,0.000
0.970,0.000,0.000,0.001,0.000,0.000,0.007,0.002,0.000,0.000,0.000,0.000,0.000,0.000,0.000,0.000,0.017,0.000,0.000,0.002
0.000,0.001,0.000,0.000,0.000,0.996,0.001,0.000,0.001,0.000,0.000,0.001,0.000,0.000,0.000,0.000,0.000,0.000,0.000,0.000
0.000,0.000,0.000,0.000,0.000,0.000,0.000,0.999,0.000,0.000,0.000,0.000,0.000,0.000,0.000,0.000,0.000,0.000,0.000,0.000
0.320,0.002,0.004,0.003,0.000,0.000,0.034,0.003,0.000,0.002,0.000,0.051,0.001,0.000,0.001,0.002,0.574,0.000,0.000,0.002
0.000,0.000,0.000,0.000,0.000,0.000,0.001,0.999,0.000,0.000,0.000,0.000,0.000,0.000,0.000,0.000,0.000,0.000,0.000,0.000
0.037,0.047,0.014,0.002,0.000,0.038,0.014,0.003,0.007,0.038,0.016,0.074,0.024,0.001,0.074,0.026,0.579,0.000,0.001,0.005
1.000,0.000,0.000,0.000,0.000,0.000,0.000,0.000,0.000,0.000,0.000,0.000,0.000,0.000,0.000,0.000,0.000,0.000,0.000,0.000
0.999,0.000,0.000,0.000,0.000,0.000,0.000,0.000,0.000,0.000,0.000,0.000,0.000,0.000,0.000,0.000,0.001,0.000,0.000,0.000
0.000,0.000,0.000,0.999,0.000,0.000,0.000,0.000,0.000,0.000,0.000,0.000,0.000,0.000,0.000,0.000,0.000,0.000,0.000,0.000
0.000,0.001,0.003,0.002,0.026,0.000,0.000,0.000,0.029,0.000,0.000,0.000,0.000,0.007,0.000,0.008,0.000,0.000,0.922,0.000
0.000,0.001,0.000,0.000,0.000,0.000,0.015,0.000,0.000,0.000,0.000,0.984,0.000,0.000,0.000,0.000,0.000,0.000,0.000,0.000
0.000,0.000,0.001,0.000,0.000,0.000,0.000,0.000,0.000,0.000,0.000,0.000,0.000,0.000,0.000,0.999,0.000,0.000,0.000,0.000
0.001,0.000,0.000,0.000,0.000,0.000,0.000,0.000,0.000,0.000,0.000,0.000,0.000,0.000,0.000,0.000,0.999,0.000,0.000,0.000
0.000,0.000,0.000,0.000,0.000,1.000,0.000,0.000,0.000,0.000,0.000,0.000,0.000,0.000,0.000,0.000,0.000,0.000,0.000,0.000
0.717,0.002,0.006,0.004,0.000,0.000,0.006,0.015,0.000,0.001,0.000,0.002,0.000,0.000,0.003,0.089,0.152,0.000,0.000,0.002
1.000,0.000,0.000,0.000,0.000,0.000,0.000,0.000,0.000,0.000,0.000,0.000,0.000,0.000,0.000,0.000,0.000,0.000,0.000,0.000
0.000,0.000,0.000,0.000,0.000,0.000,0.000,0.000,0.000,0.995,0.000,0.000,0.003,0.000,0.000,0.000,0.000,0.000,0.000,0.002
0.000,0.000,0.003,0.995,0.000,0.000,0.001,0.001,0.000,0.000,0.000,0.000,0.000,0.000,0.000,0.000,0.000,0.000,0.000,0.000
0.000,0.001,0.000,0.000,0.000,0.995,0.000,0.000,0.002,0.000,0.000,0.001,0.000,0.000,0.000,0.000,0.000,0.000,0.000,0.000
0.000,0.000,0.000,0.000,0.000,0.000,0.000,0.000,0.000,0.991,0.000,0.000,0.003,0.000,0.000,0.000,0.000,0.000,0.000,0.005
0.000,0.000,0.000,0.000,0.000,0.000,0.000,0.000,0.000,0.000,0.000,0.000,0.000,0.000,0.000,0.000,1.000,0.000,0.000,0.000
0.000,0.001,0.000,0.002,0.000,0.000,0.001,0.996,0.000,0.000,0.000,0.000,0.000,0.000,0.000,0.001,0.000,0.000,0.000,0.000
0.000,0.000,0.000,0.000,0.000,0.000,0.001,0.000,0.000,0.000,0.000,0.999,0.000,0.000,0.000,0.000,0.000,0.000,0.000,0.000
0.000,0.000,0.000,0.000,0.000,0.000,0.000,0.000,0.000,0.002,0.992,0.000,0.001,0.003,0.000,0.000,0.000,0.000,0.000,0.002
0.000,0.000,1.000,0.000,0.000,0.000,0.000,0.000,0.000,0.000,0.000,0.000,0.000,0.000,0.000,0.000,0.000,0.000,0.000,0.000
0.000,0.991,0.000,0.000,0.000,0.001,0.000,0.001,0.002,0.000,0.000,0.004,0.000,0.000,0.000,0.001,0.000,0.000,0.000,0.000
0.000,0.000,0.000,0.000,0.000,0.000,0.000,0.000,0.000,0.006,0.984,0.000,0.001,0.005,0.000,0.000,0.000,0.000,0.000,0.003
0.000,0.000,0.000,0.000,0.000,0.000,0.000,0.000,0.000,0.987,0.001,0.000,0.005,0.000,0.000,0.000,0.000,0.000,0.000,0.006
0.000,0.000,0.000,0.032,0.000,0.000,0.963,0.003,0.000,0.000,0.000,0.002,0.000,0.000,0.000,0.000,0.000,0.000,0.000,0.000
0.000,0.001,0.000,0.000,0.000,0.000,0.003,0.000,0.000,0.000,0.000,0.995,0.000,0.000,0.000,0.000,0.000,0.000,0.000,0.000
0.000,0.000,0.000,0.000,0.000,0.000,0.000,0.000,0.000,0.000,0.000,0.000,0.001,0.000,0.000,0.000,0.999,0.000,0.000,0.000
0.000,0.000,0.999,0.001,0.000,0.000,0.000,0.000,0.000,0.000,0.000,0.000,0.000,0.000,0.000,0.000,0.000,0.000,0.000,0.000
0.025,0.054,0.004,0.001,0.000,0.081,0.034,0.001,0.002,0.001,0.000,0.460,0.001,0.000,0.054,0.001,0.281,0.000,0.000,0.000
0.000,0.006,0.000,0.000,0.000,0.696,0.190,0.001,0.001,0.000,0.000,0.106,0.000,0.000,0.000,0.000,0.000,0.000,0.000,0.000
0.000,0.000,0.000,0.000,0.000,0.000,0.000,0.000,0.000,0.000,0.001,0.000,0.000,0.998,0.000,0.000,0.000,0.000,0.001,0.000
0.000,0.000,0.000,0.002,0.000,0.000,0.991,0.002,0.000,0.000,0.000,0.004,0.000,0.000,0.000,0.000,0.000,0.000,0.000,0.000
0.001,0.017,0.003,0.000,0.001,0.001,0.000,0.002,0.002,0.009,0.635,0.000,0.001,0.022,0.071,0.226,0.003,0.001,0.001,0.002
0.000,0.000,0.000,0.000,0.000,0.000,0.000,0.000,0.000,0.990,0.000,0.000,0.002,0.000,0.000,0.000,0.000,0.000,0.000,0.008
0.004,0.000,0.003,0.416,0.000,0.000,0.449,0.122,0.000,0.000,0.000,0.004,0.000,0.000,0.000,0.000,0.000,0.000,0.000,0.001
0.001,0.007,0.719,0.011,0.001,0.001,0.000,0.004,0.021,0.001,0.000,0.002,0.000,0.000,0.002,0.215,0.005,0.000,0.009,0.000
0.000,0.000,0.000,0.000,0.000,0.000,1.000,0.000,0.000,0.000,0.000,0.000,0.000,0.000,0.000,0.000,0.000,0.000,0.000,0.000
0.000,0.000,0.000,0.000,0.000,0.000,0.000,0.000,0.000,0.000,0.000,0.000,0.000,1.000,0.000,0.000,0.000,0.000,0.000,0.000
0.002,0.003,0.017,0.000,0.000,0.000,0.000,0.006,0.000,0.000,0.000,0.000,0.000,0.000,0.002,0.953,0.014,0.000,0.000,0.000
0.000,0.000,0.000,0.002,0.000,0.005,0.962,0.007,0.000,0.000,0.000,0.024,0.000,0.000,0.000,0.000,0.000,0.000,0.000,0.000
0.000,0.000,0.000,0.000,0.000,0.000,0.000,0.000,0.000,0.932,0.001,0.000,0.013,0.000,0.000,0.000,0.000,0.000,0.000,0.054
0.000,0.000,0.000,0.000,0.000,0.000,1.000,0.000,0.000,0.000,0.000,0.000,0.000,0.000,0.000,0.000,0.000,0.000,0.000,0.000
0.000,0.128,0.023,0.004,0.000,0.497,0.010,0.004,0.228,0.000,0.001,0.091,0.000,0.000,0.008,0.002,0.001,0.000,0.002,0.000
0.000,0.005,0.000,0.000,0.000,0.992,0.000,0.000,0.001,0.000,0.000,0.001,0.000,0.000,0.000,0.000,0.000,0.000,0.000,0.000
0.000,0.000,0.000,0.000,0.000,0.000,0.000,0.000,0.000,0.991,0.000,0.000,0.004,0.000,0.000,0.000,0.000,0.000,0.000,0.004
0.000,0.014,0.000,0.020,0.000,0.000,0.016,0.946,0.000,0.000,0.000,0.000,0.000,0.000,0.000,0.003,0.000,0.000,0.000,0.000
0.000,0.000,0.990,0.005,0.000,0.000,0.000,0.000,0.001,0.000,0.000,0.003,0.000,0.000,0.000,0.001,0.000,0.000,0.000,0.000
0.001,0.000,0.000,0.000,0.000,0.000,0.000,0.000,0.000,0.021,0.030,0.000,0.005,0.001,0.000,0.000,0.000,0.000,0.000,0.941
0.000,0.001,0.012,0.000,0.000,0.000,0.000,0.000,0.000,0.951,0.001,0.004,0.004,0.000,0.000,0.002,0.009,0.000,0.000,0.016
0.000,0.000,0.971,0.011,0.000,0.000,0.000,0.000,0.001,0.000,0.000,0.011,0.000,0.000,0.000,0.003,0.001,0.000,0.000,0.000
0.000,0.001,0.000,0.000,0.002,0.000,0.000,0.000,0.000,0.000,0.000,0.000,0.000,0.000,0.000,0.000,0.000,0.997,0.000,0.000
0.026,0.000,0.000,0.000,0.000,0.000,0.000,0.000,0.000,0.027,0.000,0.001,0.012,0.000,0.001,0.000,0.933,0.000,0.000,0.001
0.000,0.271,0.004,0.001,0.000,0.006,0.009,0.010,0.001,0.000,0.000,0.695,0.000,0.000,0.000,0.000,0.001,0.000,0.000,0.000
0.000,0.000,0.001,0.999,0.000,0.000,0.000,0.000,0.000,0.000,0.000,0.000,0.000,0.000,0.000,0.000,0.000,0.000,0.000,0.000
0.001,0.002,0.003,0.000,0.000,0.000,0.000,0.003,0.000,0.000,0.000,0.000,0.000,0.000,0.001,0.988,0.001,0.000,0.000,0.000
0.000,0.000,0.000,0.000,0.000,0.000,0.000,0.000,0.000,0.588,0.001,0.000,0.397,0.000,0.000,0.000,0.001,0.000,0.000,0.013
0.026,0.001,0.002,0.000,0.000,0.000,0.000,0.000,0.000,0.018,0.000,0.002,0.002,0.000,0.004,0.002,0.940,0.000,0.000,0.001
0.003,0.000,0.005,0.821,0.000,0.000,0.151,0.016,0.000,0.000,0.000,0.002,0.000,0.000,0.000,0.000,0.000,0.000,0.000,0.000
0.001,0.000,0.000,0.000,0.000,0.000,0.000,0.000,0.000,0.391,0.010,0.000,0.030,0.001,0.000,0.000,0.001,0.000,0.000,0.566
0.000,0.000,0.000,0.000,0.000,0.000,0.000,0.000,0.000,0.000,0.000,0.000,0.000,0.000,0.000,0.000,0.000,1.000,0.000,0.000
0.025,0.001,0.008,0.000,0.000,0.000,0.000,0.000,0.000,0.001,0.000,0.000,0.000,0.000,0.010,0.420,0.533,0.000,0.000,0.000
0.000,0.000,0.000,0.000,0.001,0.000,0.000,0.000,0.000,0.000,0.000,0.000,0.000,0.000,0.000,0.000,0.000,0.000,0.999,0.000
0.001,0.018,0.644,0.020,0.001,0.041,0.013,0.004,0.105,0.001,0.001,0.107,0.000,0.000,0.004,0.028,0.007,0.000,0.004,0.000
0.999,0.000,0.000,0.000,0.000,0.000,0.000,0.000,0.000,0.000,0.000,0.000,0.000,0.000,0.000,0.000,0.001,0.000,0.000,0.000
0.000,0.000,0.000,0.001,0.000,0.000,0.993,0.002,0.000,0.000,0.000,0.004,0.000,0.000,0.000,0.000,0.000,0.000,0.000,0.000
0.000,0.000,0.000,0.000,0.000,0.000,0.000,0.000,0.000,0.000,1.000,0.000,0.000,0.000,0.000,0.000,0.000,0.000,0.000,0.000
0.000,0.000,0.000,0.000,0.000,0.000,0.000,0.000,0.000,0.000,1.000,0.000,0.000,0.000,0.000,0.000,0.000,0.000,0.000,0.000
0.000,0.000,0.000,0.000,0.000,0.000,0.000,0.000,0.000,0.001,0.000,0.000,0.000,0.000,0.000,0.000,0.000,0.000,0.000,0.999
0.992,0.000,0.000,0.000,0.000,0.000,0.000,0.000,0.000,0.000,0.000,0.000,0.000,0.000,0.000,0.000,0.004,0.000,0.000,0.003
0.000,0.000,0.000,0.000,0.000,0.000,0.000,0.000,0.000,0.021,0.018,0.000,0.952,0.000,0.000,0.000,0.000,0.000,0.000,0.008
0.000,0.000,0.000,0.000,0.000,0.000,0.999,0.000,0.000,0.000,0.000,0.001,0.000,0.000,0.000,0.000,0.000,0.000,0.000,0.000
0.000,0.000,0.999,0.001,0.000,0.000,0.000,0.000,0.000,0.000,0.000,0.000,0.000,0.000,0.000,0.000,0.000,0.000,0.000,0.000
0.000,0.001,0.000,0.000,0.000,0.994,0.002,0.000,0.001,0.000,0.000,0.002,0.000,0.000,0.000,0.000,0.000,0.000,0.000,0.000
0.000,0.001,0.001,0.000,0.000,0.001,0.000,0.000,0.997,0.000,0.000,0.000,0.000,0.000,0.000,0.000,0.000,0.000,0.000,0.000
0.002,0.000,0.000,0.000,0.000,0.000,0.000,0.000,0.000,0.000,0.000,0.000,0.000,0.000,0.001,0.000,0.997,0.000,0.000,0.000
0.000,0.000,0.000,0.000,0.000,0.000,0.000,0.000,0.000,0.995,0.001,0.000,0.002,0.000,0.000,0.000,0.000,0.000,0.000,0.002
0.000,0.000,0.000,1.000,0.000,0.000,0.000,0.000,0.000,0.000,0.000,0.000,0.000,0.000,0.000,0.000,0.000,0.000,0.000,0.000
0.001,0.001,0.000,0.000,0.000,0.001,0.000,0.000,0.000,0.068,0.499,0.001,0.299,0.014,0.002,0.001,0.003,0.000,0.000,0.111
0.994,0.000,0.000,0.000,0.000,0.000,0.000,0.000,0.000,0.000,0.000,0.000,0.000,0.000,0.003,0.000,0.003,0.000,0.000,0.000
0.000,0.000,0.001,0.999,0.000,0.000,0.000,0.000,0.000,0.000,0.000,0.000,0.000,0.000,0.000,0.000,0.000,0.000,0.000,0.000
0.001,0.000,0.001,0.000,0.000,0.000,0.000,0.001,0.000,0.000,0.000,0.000,0.000,0.000,0.000,0.996,0.001,0.000,0.000,0.000
0.000,0.000,0.000,0.002,0.000,0.000,0.996,0.000,0.000,0.000,0.000,0.002,0.000,0.000,0.000,0.000,0.000,0.000,0.000,0.000
0.000,0.000,0.000,0.000,0.000,0.000,0.000,0.000,0.000,0.001,0.000,0.000,0.999,0.000,0.000,0.000,0.000,0.000,0.000,0.001
0.001,0.016,0.560,0.011,0.000,0.005,0.001,0.002,0.071,0.032,0.025,0.033,0.003,0.002,0.004,0.219,0.010,0.000,0.003,0.002
0.000,0.000,0.782,0.000,0.000,0.000,0.000,0.000,0.000,0.000,0.000,0.217,0.000,0.000,0.000,0.000,0.000,0.000,0.000,0.000
0.000,0.000,0.000,0.000,0.000,0.000,0.000,0.000,0.000,0.000,0.999,0.000,0.000,0.001,0.000,0.000,0.000,0.000,0.000,0.000
0.000,0.000,0.000,0.000,0.007,0.000,0.000,0.000,0.006,0.000,0.000,0.000,0.000,0.001,0.000,0.000,0.000,0.000,0.985,0.000
0.000,0.000,0.000,0.007,0.000,0.000,0.987,0.003,0.000,0.000,0.000,0.003,0.000,0.000,0.000,0.000,0.000,0.000,0.000,0.000
0.000,0.966,0.000,0.000,0.000,0.005,0.000,0.003,0.002,0.000,0.000,0.022,0.000,0.000,0.000,0.001,0.000,0.000,0.000,0.000
0.000,0.000,0.000,0.000,0.000,0.000,0.000,0.000,0.000,0.012,0.002,0.000,0.003,0.000,0.000,0.000,0.000,0.000,0.000,0.982
0.000,0.969,0.000,0.000,0.000,0.003,0.001,0.006,0.002,0.000,0.000,0.015,0.000,0.000,0.000,0.003,0.000,0.001,0.000,0.000
0.000,0.408,0.001,0.000,0.000,0.012,0.008,0.002,0.001,0.000,0.000,0.567,0.000,0.000,0.000,0.000,0.001,0.000,0.000,0.000
0.000,0.006,0.000,0.000,0.000,0.968,0.002,0.000,0.006,0.000,0.000,0.015,0.000,0.000,0.002,0.000,0.000,0.000,0.000,0.000
0.000,0.000,0.000,0.000,0.000,0.000,0.000,0.000,0.000,0.000,0.998,0.000,0.000,0.001,0.000,0.000,0.000,0.000,0.000,0.000
0.000,0.979,0.000,0.000,0.000,0.004,0.000,0.004,0.002,0.000,0.000,0.008,0.000,0.000,0.000,0.001,0.000,0.000,0.000,0.000
0.001,0.007,0.001,0.007,0.000,0.141,0.759,0.013,0.002,0.000,0.000,0.068,0.000,0.000,0.000,0.000,0.000,0.000,0.000,0.000
0.000,0.000,0.998,0.001,0.000,0.000,0.000,0.000,0.000,0.000,0.000,0.000,0.000,0.000,0.000,0.000,0.000,0.000,0.000,0.000
0.999,0.000,0.000,0.000,0.000,0.000,0.000,0.000,0.000,0.000,0.000,0.000,0.000,0.000,0.000,0.000,0.001,0.000,0.000,0.000
0.000,0.000,0.000,0.001,0.000,0.000,0.970,0.003,0.000,0.000,0.000,0.025,0.000,0.000,0.000,0.000,0.000,0.000,0.000,0.000
0.000,0.000,0.000,0.003,0.000,0.000,0.995,0.001,0.000,0.000,0.000,0.001,0.000,0.000,0.000,0.000,0.000,0.000,0.000,0.000
0.001,0.000,0.012,0.948,0.000,0.000,0.026,0.011,0.000,0.000,0.000,0.000,0.000,0.000,0.000,0.000,0.000,0.000,0.001,0.000
0.000,0.000,0.000,0.000,0.000,0.000,0.000,1.000,0.000,0.000,0.000,0.000,0.000,0.000,0.000,0.000,0.000,0.000,0.000,0.000
0.010,0.029,0.195,0.006,0.000,0.008,0.015,0.004,0.003,0.005,0.000,0.307,0.002,0.000,0.008,0.015,0.391,0.000,0.000,0.000
0.000,0.000,0.000,0.000,0.000,0.000,0.000,0.999,0.000,0.000,0.000,0.000,0.000,0.000,0.000,0.000,0.000,0.000,0.000,0.000
0.000,0.000,0.000,0.000,0.999,0.000,0.000,0.000,0.000,0.000,0.000,0.000,0.000,0.000,0.000,0.000,0.000,0.000,0.001,0.000
0.000,0.000,0.000,0.000,0.000,0.000,0.000,0.000,0.000,0.000,0.000,0.000,0.000,1.000,0.000,0.000,0.000,0.000,0.000,0.000
0.000,0.000,0.000,0.000,0.000,0.000,1.000,0.000,0.000,0.000,0.000,0.000,0.000,0.000,0.000,0.000,0.000,0.000,0.000,0.000
0.000,0.000,0.000,0.000,0.000,0.000,0.000,0.000,0.000,0.992,0.001,0.000,0.002,0.001,0.000,0.000,0.000,0.000,0.000,0.004
0.000,0.000,0.000,0.000,0.021,0.000,0.000,0.000,0.001,0.000,0.006,0.000,0.000,0.766,0.000,0.002,0.000,0.000,0.203,0.000
0.000,0.000,0.000,0.000,0.000,0.000,0.000,0.000,1.000,0.000,0.000,0.000,0.000,0.000,0.000,0.000,0.000,0.000,0.000,0.000
0.000,0.002,0.000,0.000,0.000,0.002,0.002,0.000,0.000,0.000,0.000,0.990,0.000,0.000,0.000,0.000,0.004,0.000,0.000,0.000
0.000,0.000,0.000,0.000,0.999,0.000,0.000,0.000,0.000,0.000,0.000,0.000,0.000,0.000,0.000,0.000,0.000,0.000,0.001,0.000
0.000,0.000,0.009,0.989,0.000,0.000,0.001,0.001,0.000,0.000,0.000,0.000,0.000,0.000,0.000,0.000,0.000,0.000,0.000,0.000
0.001,0.000,0.077,0.899,0.000,0.000,0.007,0.010,0.002,0.000,0.000,0.001,0.000,0.000,0.000,0.001,0.000,0.000,0.001,0.000
0.015,0.073,0.248,0.136,0.001,0.035,0.063,0.093,0.075,0.004,0.004,0.059,0.001,0.001,0.006,0.140,0.017,0.001,0.026,0.003
0.000,0.000,0.000,0.000,1.000,0.000,0.000,0.000,0.000,0.000,0.000,0.000,0.000,0.000,0.000,0.000,0.000,0.000,0.000,0.000
0.000,0.000,0.000,0.000,0.000,0.000,0.000,0.000,0.000,0.000,0.000,0.000,1.000,0.000,0.000,0.000,0.000,0.000,0.000,0.000
0.009,0.000,0.000,0.003,0.000,0.000,0.973,0.007,0.000,0.000,0.000,0.007,0.000,0.000,0.000,0.000,0.000,0.000,0.000,0.000
0.000,0.000,0.003,0.000,0.000,0.000,0.000,0.000,0.000,0.000,0.000,0.000,0.000,0.000,0.001,0.994,0.001,0.000,0.000,0.000
0.000,0.000,0.000,0.000,0.000,0.000,0.000,0.000,0.000,0.984,0.000,0.000,0.002,0.000,0.000,0.000,0.000,0.000,0.000,0.013
0.000,0.989,0.000,0.000,0.000,0.003,0.000,0.002,0.001,0.000,0.000,0.005,0.000,0.000,0.000,0.000,0.000,0.000,0.000,0.000
0.000,0.000,0.999,0.000,0.000,0.000,0.000,0.000,0.000,0.000,0.000,0.000,0.000,0.000,0.000,0.000,0.000,0.000,0.000,0.000
0.000,0.000,0.882,0.090,0.000,0.000,0.000,0.001,0.001,0.000,0.000,0.003,0.000,0.000,0.000,0.022,0.000,0.000,0.000,0.000
0.001,0.000,0.000,0.000,0.000,0.000,0.000,0.000,0.000,0.000,0.000,0.000,0.000,0.000,0.000,0.000,0.999,0.000,0.000,0.000
0.000,0.000,0.000,0.000,0.001,0.000,0.000,0.000,0.000,0.000,0.000,0.000,0.000,0.000,0.000,0.000,0.000,0.000,0.999,0.000
0.000,0.000,0.003,0.996,0.000,0.000,0.000,0.000,0.000,0.000,0.000,0.000,0.000,0.000,0.000,0.000,0.000,0.000,0.000,0.000
0.000,0.000,0.000,0.000,0.000,0.000,0.000,0.000,1.000,0.000,0.000,0.000,0.000,0.000,0.000,0.000,0.000,0.000,0.000,0.000
0.017,0.008,0.040,0.001,0.000,0.000,0.000,0.008,0.000,0.001,0.000,0.003,0.000,0.000,0.003,0.655,0.261,0.000,0.001,0.000
0.000,0.017,0.000,0.000,0.000,0.850,0.014,0.000,0.003,0.000,0.000,0.113,0.000,0.000,0.002,0.000,0.000,0.000,0.000,0.000
0.000,0.000,0.000,0.000,0.002,0.000,0.000,0.000,0.000,0.000,0.000,0.000,0.000,0.000,0.000,0.000,0.000,0.000,0.997,0.000
0.000,0.969,0.000,0.000,0.000,0.005,0.000,0.009,0.001,0.000,0.000,0.015,0.000,0.000,0.000,0.000,0.000,0.000,0.000,0.000
0.003,0.000,0.000,0.004,0.000,0.000,0.987,0.003,0.000,0.000,0.000,0.002,0.000,0.000,0.000,0.000,0.000,0.000,0.000,0.000
0.000,0.000,0.000,0.000,0.000,0.000,0.999,0.000,0.000,0.000,0.000,0.000,0.000,0.000,0.000,0.000,0.000,0.000,0.000,0.000
0.903,0.000,0.001,0.001,0.000,0.000,0.001,0.004,0.000,0.000,0.000,0.000,0.000,0.000,0.003,0.065,0.022,0.000,0.000,0.001
0.000,0.003,0.000,0.000,0.000,0.001,0.000,0.000,0.000,0.112,0.563,0.001,0.284,0.004,0.002,0.001,0.002,0.000,0.000,0.026
0.000,0.006,0.000,0.000,0.000,0.092,0.000,0.000,0.020,0.001,0.860,0.001,0.000,0.001,0.017,0.001,0.000,0.000,0.000,0.000
0.000,0.000,0.994,0.004,0.000,0.000,0.000,0.000,0.000,0.000,0.000,0.001,0.000,0.000,0.000,0.001,0.000,0.000,0.000,0.000
0.000,0.998,0.000,0.000,0.000,0.000,0.000,0.000,0.000,0.000,0.000,0.001,0.000,0.000,0.000,0.000,0.000,0.000,0.000,0.000
0.000,0.003,0.001,0.000,0.000,0.002,0.000,0.000,0.001,0.199,0.715,0.001,0.026,0.027,0.004,0.003,0.002,0.000,0.000,0.017
0.000,0.026,0.052,0.006,0.000,0.493,0.034,0.002,0.082,0.000,0.000,0.297,0.000,0.000,0.003,0.003,0.002,0.000,0.000,0.000
0.000,0.000,0.000,0.000,0.000,0.000,0.000,0.000,0.000,0.999,0.000,0.000,0.000,0.000,0.000,0.000,0.000,0.000,0.000,0.000
0.003,0.002,0.421,0.498,0.000,0.001,0.024,0.013,0.009,0.000,0.000,0.019,0.000,0.000,0.000,0.005,0.002,0.000,0.003,0.000
0.005,0.006,0.000,0.000,0.000,0.003,0.000,0.001,0.002,0.000,0.001,0.000,0.000,0.000,0.962,0.018,0.003,0.000,0.000,0.000
0.000,0.000,0.000,0.000,0.000,0.000,0.000,0.000,0.000,0.000,0.000,0.000,0.000,0.000,0.000,0.000,0.000,0.000,0.000,1.000
0.000,0.003,0.001,0.000,0.000,0.001,0.010,0.000,0.000,0.000,0.000,0.984,0.000,0.000,0.000,0.000,0.000,0.000,0.000,0.000
0.000,0.000,0.000,0.000,0.000,0.000,0.000,0.000,0.000,0.000,1.000,0.000,0.000,0.000,0.000,0.000,0.000,0.000,0.000,0.000
0.004,0.003,0.015,0.000,0.000,0.000,0.000,0.009,0.000,0.000,0.000,0.000,0.000,0.000,0.002,0.959,0.006,0.000,0.000,0.000
0.000,0.002,0.006,0.000,0.001,0.000,0.000,0.002,0.000,0.000,0.000,0.000,0.000,0.000,0.002,0.984,0.001,0.000,0.000,0.000
0.001,0.008,0.000,0.006,0.000,0.000,0.014,0.967,0.000,0.000,0.000,0.000,0.000,0.000,0.000,0.004,0.000,0.000,0.000,0.000
0.000,0.000,0.000,0.000,0.022,0.000,0.000,0.000,0.001,0.000,0.000,0.000,0.000,0.000,0.000,0.000,0.000,0.000,0.976,0.000
0.000,0.009,0.003,0.000,0.000,0.002,0.038,0.000,0.000,0.001,0.000,0.942,0.001,0.000,0.000,0.000,0.003,0.000,0.000,0.000
0.000,0.000,0.000,0.999,0.000,0.000,0.000,0.000,0.000,0.000,0.000,0.000,0.000,0.000,0.000,0.000,0.000,0.000,0.000,0.000
0.000,0.000,0.000,0.000,0.000,0.000,0.000,0.000,0.000,0.823,0.001,0.001,0.014,0.000,0.000,0.000,0.001,0.000,0.000,0.159
0.000,0.000,0.000,0.000,0.000,0.000,0.000,0.000,0.000,0.999,0.000,0.000,0.001,0.000,0.000,0.000,0.000,0.000,0.000,0.000
0.000,0.000,0.000,0.000,0.000,0.000,0.000,0.000,0.000,0.000,1.000,0.000,0.000,0.000,0.000,0.000,0.000,0.000,0.000,0.000
0.000,0.000,0.000,0.000,0.000,0.000,0.000,0.000,0.000,0.000,0.000,0.000,0.000,0.000,0.000,0.000,0.000,0.999,0.000,0.000
0.000,0.000,0.000,0.000,0.000,0.000,0.000,0.000,0.000,0.005,0.006,0.000,0.000,0.988,0.000,0.000,0.000,0.000,0.000,0.001
0.000,0.000,0.001,0.000,0.000,0.000,0.000,0.000,0.000,0.000,0.000,0.000,0.000,0.000,0.000,0.998,0.000,0.000,0.000,0.000
0.000,0.000,0.000,0.000,0.001,0.000,0.000,0.000,0.000,0.000,0.001,0.000,0.000,0.998,0.000,0.000,0.000,0.000,0.000,0.000
0.000,0.001,0.000,0.001,0.000,0.000,0.001,0.997,0.000,0.000,0.000,0.000,0.000,0.000,0.000,0.001,0.000,0.000,0.000,0.000
0.999,0.000,0.000,0.000,0.000,0.000,0.000,0.000,0.000,0.000,0.000,0.000,0.000,0.000,0.000,0.000,0.001,0.000,0.000,0.000
0.000,0.000,0.001,0.000,0.000,0.000,0.000,0.000,0.000,0.000,0.000,0.000,0.000,0.000,0.000,0.997,0.000,0.000,0.000,0.000
0.000,0.000,0.000,0.000,1.000,0.000,0.000,0.000,0.000,0.000,0.000,0.000,0.000,0.000,0.000,0.000,0.000,0.000,0.000,0.000
0.000,0.000,0.000,0.000,0.000,0.000,0.000,0.000,0.000,0.000,0.004,0.000,0.000,0.996,0.000,0.000,0.000,0.000,0.000,0.000
0.000,0.000,0.000,0.000,0.000,0.000,0.000,0.000,0.000,0.254,0.144,0.000,0.034,0.005,0.000,0.000,0.000,0.000,0.000,0.563
0.000,0.000,0.000,0.000,0.000,0.000,0.000,0.000,0.000,0.000,0.998,0.000,0.000,0.002,0.000,0.000,0.000,0.000,0.000,0.000
0.000,0.000,0.000,0.000,0.000,0.000,0.000,0.000,0.000,0.010,0.960,0.000,0.003,0.007,0.002,0.000,0.000,0.000,0.000,0.017
0.987,0.000,0.000,0.000,0.000,0.000,0.001,0.000,0.000,0.000,0.000,0.000,0.000,0.000,0.000,0.000,0.009,0.000,0.000,0.003
0.001,0.000,0.000,0.000,0.000,0.000,0.000,0.000,0.000,0.475,0.105,0.000,0.036,0.005,0.000,0.000,0.001,0.000,0.000,0.376
0.118,0.000,0.001,0.002,0.000,0.000,0.003,0.003,0.000,0.137,0.011,0.001,0.027,0.002,0.001,0.002,0.033,0.000,0.000,0.659
0.000,0.000,0.000,0.000,0.000,0.000,0.000,0.000,0.000,0.009,0.001,0.000,0.986,0.000,0.000,0.000,0.000,0.000,0.000,0.004
0.002,0.001,0.000,0.002,0.000,0.000,0.006,0.987,0.000,0.000,0.000,0.000,0.000,0.000,0.000,0.001,0.000,0.000,0.000,0.000
0.000,0.000,0.000,0.000,0.000,0.000,0.000,0.000,0.000,0.001,0.911,0.000,0.000,0.088,0.000,0.000,0.000,0.000,0.000,0.000
0.000,0.000,0.000,0.000,0.000,0.000,0.000,0.000,0.000,0.038,0.002,0.000,0.007,0.000,0.000,0.000,0.000,0.000,0.000,0.952
0.000,0.000,0.000,0.000,0.000,0.000,0.000,0.000,0.000,0.000,0.015,0.000,0.000,0.984,0.000,0.000,0.000,0.000,0.000,0.000
0.000,0.007,0.001,0.000,0.020,0.000,0.000,0.001,0.000,0.074,0.473,0.000,0.002,0.328,0.000,0.057,0.000,0.024,0.002,0.011
0.000,0.002,0.000,0.000,0.963,0.000,0.000,0.003,0.000,0.000,0.000,0.000,0.000,0.002,0.000,0.007,0.000,0.002,0.020,0.000
0.001,0.010,0.002,0.001,0.007,0.001,0.001,0.005,0.003,0.110,0.487,0.001,0.011,0.245,0.003,0.025,0.002,0.005,0.004,0.074
0.000,0.041,0.007,0.000,0.000,0.013,0.018,0.001,0.000,0.000,0.000,0.918,0.000,0.000,0.000,0.000,0.001,0.000,0.000,0.000
0.000,0.000,0.999,0.001,0.000,0.000,0.000,0.000,0.000,0.000,0.000,0.000,0.000,0.000,0.000,0.000,0.000,0.000,0.000,0.000
0.000,0.000,0.000,0.000,0.000,0.000,0.000,0.999,0.000,0.000,0.000,0.000,0.000,0.000,0.000,0.000,0.000,0.000,0.000,0.000
0.000,0.000,0.994,0.002,0.000,0.000,0.000,0.000,0.000,0.000,0.000,0.000,0.000,0.000,0.000,0.004,0.000,0.000,0.000,0.000
0.000,0.001,0.000,0.000,0.000,0.000,0.000,0.000,0.000,0.031,0.004,0.001,0.953,0.000,0.000,0.000,0.002,0.000,0.000,0.009
0.000,0.999,0.000,0.000,0.000,0.000,0.000,0.000,0.000,0.000,0.000,0.000,0.000,0.000,0.000,0.000,0.000,0.000,0.000,0.000
0.000,0.000,0.000,0.000,0.999,0.000,0.000,0.000,0.000,0.000,0.000,0.000,0.000,0.000,0.000,0.000,0.000,0.000,0.001,0.000
0.016,0.001,0.007,0.000,0.000,0.000,0.000,0.000,0.000,0.002,0.000,0.019,0.001,0.000,0.004,0.002,0.947,0.000,0.000,0.000
0.000,0.000,0.000,0.000,0.000,0.000,0.000,0.000,0.000,0.983,0.001,0.000,0.003,0.000,0.000,0.000,0.001,0.000,0.000,0.012
0.000,0.000,0.000,0.000,0.999,0.000,0.000,0.000,0.000,0.000,0.000,0.000,0.000,0.000,0.000,0.000,0.000,0.000,0.001,0.000
0.000,0.000,0.000,0.000,0.000,0.000,0.000,0.000,0.000,0.999,0.000,0.000,0.000,0.000,0.000,0.000,0.000,0.000,0.000,0.000
