-3.6329
-3.6790
-3.3598
-10.5306
-30.7006
-4.4547
-3.8621
-3.5642
-20.5863
-34.0577
-9.6113
-3.5642
-3.6329
-19.0001
-36.2816
-30.4741
-3.5642
-11.3414
-22.1541
-3.3154
-3.2735
-3.7883
-5.0599
-16.9776
-3.6596
-25.1729
-12.9770
-3.6790
-8.5602
-23.8860
-4.4547
-14.0378
-3.7883
-3.9657
-3.2735
-12.0154
-17.7656
-11.5890
-3.2735
-3.6329
-3.3064
-14.9884
-20.4735
-3.5642
-3.3064
-3.3598
-3.5642
-15.7748
-4.4547
-3.2735
-3.4493
-3.3154
-3.3064
-11.0748
-15.4930
-3.6614
-3.1432
-9.7753
-3.9657
-3.1432
-4.4547
-3.5642
-9.3426
-11.4785
-3.3154
-3.2735
-3.7883
-3.9657
-12.6898
-3.5642
-7.6009
-15.1311
-17.2852
-16.5980
-8.8812
-10.2283
-3.3154
-3.6596
-3.9838
-15.8599
-3.7883
-3.8621
-9.7160
-14.8918
-3.3598
-3.4493
-18.9354
-3.6790
-3.7883
-3.9642
-3.2735
-3.6329
-3.2735
-10.5002
-3.1432
-3.8621
-3.9657
-10.7577
-3.5642
-29.6392
-3.4493
-4.4547
-3.3154
-17.7759
-3.7883
-5.0599
-3.6329
-9.5153
-25.6729
-43.7955
-35.1473
-3.9657
-52.3801
-24.1253
-58.5046
-8.1255
-23.0423
-3.2735
-3.6596
-30.1817
-33.0826
-3.6596
-27.3550
-42.0073
-10.6370
-8.7017
-13.6293
-3.8621
-11.3345
-11.3796
-3.6596
-3.9657
-14.8355
-11.0584
-12.4026
-44.8649
-23.8706
-18.7629
-16.5162
-17.9857
-47.1288
-8.9961
-3.1432
-30.2242
-26.4964
-3.2735
-9.0520
-3.5642
-40.7871
-28.6370
-40.1361
-34.3007
-9.8863
-20.9819
-35.7756
-17.6965
-3.9838
-8.9190
-13.2051
-3.6596
-3.3154
-3.3154
-3.3154
-3.1432
-3.3064
-3.5520
-3.9591
-3.1432
-3.1432
-11.0335
-10.8134
-3.8621
-3.7883
-3.3598
-3.3154
-4.4547
-3.4493
-3.8621
-3.6614
-26.0644
-3.3064
-3.3598
