"A" "R" "N" "D" "C" "Q" "E" "G" "H" "I" "L" "K" "M" "F" "P" "S" "T" "W" "Y" "V"
"1" 0 0 0 0 0.008 0 0 0 0 0 0 0 0 0 0 0.984 0 0 0 0
"2" 0.001 0.001 0.001 0.026 0.001 0.001 0.001 0.001 0.001 0.962 0.001 0.001 0.001 0.001 0.001 0.001 0.001 0.001 0.001 0.001
"3" 0 0 0 0 0 0 0 0 0 0 0 0 0 0 1 0 0 0 0 0
"4" 0 0 0 0 0 0 0 0 0 0 0 1 0 0 0 0 0 0 0 0
"5" 0 1 0 0 0 0 0 0 0 0 0 0 0 0 0 0 0 0 0 0
"6" 0 0 0 0 1 0 0 0 0 0 0 0 0 0 0 0 0 0 0 0
"7" 0 0 0.008 0.984 0 0 0 0 0 0 0 0 0 0 0 0 0 0 0 0
"8" 0.39 0.014 0.014 0.014 0.014 0.089 0.014 0.014 0.014 0.014 0.014 0.014 0.014 0.014 0.014 0.014 0.205 0.014 0.014 0.097
"9" 0.014 0.014 0.39 0.097 0.014 0.014 0.014 0.014 0.014 0.014 0.014 0.205 0.014 0.014 0.014 0.089 0.014 0.014 0.014 0.014
"10" 0 0 0 0 0 0 1 0 0 0 0 0 0 0 0 0 0 0 0 0
"11" 0 0 0 0 0 0 0 0 0 1 0 0 0 0 0 0 0 0 0 0
"12" 0 0 0 0 0 0 0 0 0 0 0 0 0 1 0 0 0 0 0 0
"13" 0 0 0.998 0 0 0 0 0 0 0 0 0 0 0 0.001 0 0 0 0 0
"14" 0.01 0.01 0.192 0.01 0.01 0.01 0.01 0.01 0.01 0.01 0.01 0.352 0.01 0.01 0.01 0.01 0.01 0.01 0.294 0.01
"15" 0 0 0 0 0 0 0 0 0 0 0 0 0 0 0 0 1 0 0 0
"16" 0 0 0 0 0 0 0 0 0 0 0 0 0 0 0 1 0 0 0 0
"17" 0 0 0 0 0 0 0 0 0 0 0 0 0 0 0 0 1 0 0 0
"18" 0 0 0 0 0 0 0 0 0 0 0.998 0 0 0 0 0.001 0 0 0 0
"19" 0 0 0 0 0 0 0 0 0 1 0 0 0 0 0 0 0 0 0 0
"20" 0 0 0 0 0 0 0 0 0 0 0 0 0 0 0 0 0 0 0 1
"21" 0 0 0 0 0 0 0 0 0 0 0 0 0 0 0 0 0 0 1 0
"22" 0 0 0 0 0 0 0 0 0 0 0 0 0 0 0 0 0 0 1 0
"23" 0 0 0 0 0 0 0 0 0 0 0 0 0 0 0 0 0 1 0 0
"24" 0.014 0.097 0.014 0.014 0.014 0.014 0.205 0.014 0.014 0.014 0.014 0.014 0.014 0.014 0.014 0.089 0.014 0.014 0.014 0.39
"25" 0.003 0.051 0.003 0.003 0.003 0.003 0.003 0.003 0.003 0.022 0.003 0.003 0.003 0.003 0.003 0.003 0.003 0.003 0.003 0.87
"26" 0 0 0 0 0 0 0 0 0 0 0 1 0 0 0 0 0 0 0 0
"27" 0 0 0 0.001 0 0 0 0 0 0 0 0 0 0 0 0 0 0 0 0.998
"28" 0.001 0.001 0.001 0.001 0.001 0.001 0.001 0.001 0.001 0.026 0.962 0.001 0.001 0.001 0.001 0.001 0.001 0.001 0.001 0.001
"29" 0.014 0.205 0.097 0.014 0.014 0.089 0.014 0.014 0.014 0.014 0.014 0.014 0.014 0.014 0.014 0.014 0.39 0.014 0.014 0.014
"30" 0 0 1 0 0 0 0 0 0 0 0 0 0 0 0 0 0 0 0 0
"31" 0 0 0 0 1 0 0 0 0 0 0 0 0 0 0 0 0 0 0 0
"32" 0.004 0.004 0.004 0.004 0.004 0.004 0.004 0.004 0.004 0.86 0.004 0.004 0.004 0.054 0.004 0.004 0.004 0.004 0.025 0.004
"33" 0.001 0.001 0.001 0.001 0.001 0.001 0.001 0.001 0.001 0.001 0.001 0.001 0.001 0.001 0.001 0.026 0.001 0.962 0.001 0.001
"34" 0.014 0.014 0.39 0.014 0.014 0.014 0.014 0.014 0.014 0.014 0.089 0.014 0.097 0.014 0.014 0.014 0.014 0.014 0.205 0.014
"35" 0.01 0.01 0.01 0.01 0.01 0.01 0.01 0.01 0.01 0.01 0.294 0.01 0.352 0.192 0.01 0.01 0.01 0.01 0.01 0.01
"36" 0 0 0 0 0 0 0 0 0 0 0 0 0 0 0 1 0 0 0 0
"37" 0.014 0.014 0.014 0.014 0.014 0.014 0.014 0.014 0.089 0.014 0.014 0.39 0.014 0.014 0.014 0.097 0.014 0.014 0.205 0.014
"38" 0.014 0.39 0.014 0.014 0.014 0.014 0.014 0.014 0.014 0.014 0.097 0.014 0.014 0.014 0.089 0.205 0.014 0.014 0.014 0.014
"39" 0 0 0 0 0 0 0 0 0 1 0 0 0 0 0 0 0 0 0 0
"40" 0.014 0.014 0.205 0.014 0.014 0.014 0.39 0.014 0.014 0.014 0.014 0.014 0.014 0.014 0.014 0.097 0.089 0.014 0.014 0.014
"41" 0 0 0 1 0 0 0 0 0 0 0 0 0 0 0 0 0 0 0 0
"42" 0.001 0.998 0 0 0 0 0 0 0 0 0 0 0 0 0 0 0 0 0 0
"43" 0 0 0 0 0 0 0 0 0 0 0 0 0 0 0 0 0 0 1 0
"44" 0 0 0 0 0 0 0 0 0 0 0 0 0 0 0 0 0 1 0 0
"45" 0 0 0 0 0 0 0 0 0 0 0 0 0 0 0 1 0 0 0 0
"46" 0.004 0.004 0.004 0.004 0.004 0.054 0.004 0.004 0.004 0.004 0.86 0.004 0.004 0.004 0.004 0.004 0.004 0.004 0.004 0.025
"47" 0 0 0 0 0 0 0 0 0 0 0 0 0 0.984 0 0 0 0 0.008 0
"48" 0 0.998 0 0 0 0 0 0 0 0 0 0.001 0 0 0 0 0 0 0 0
"49" 0.014 0.014 0.014 0.014 0.014 0.014 0.014 0.014 0.014 0.205 0.089 0.097 0.014 0.39 0.014 0.014 0.014 0.014 0.014 0.014
"50" 0 0 0 0 0 0 0 0 0 0 0 0 0 0 0 0 0 0 1 0
"51" 0 0 0 0 0 0 0 1 0 0 0 0 0 0 0 0 0 0 0 0
"52" 0 0 0 0 0 0 0 0 0 0 0 0 0 0 0 0 0 0 0 1
"53" 0.001 0.001 0.001 0.001 0.001 0.001 0.001 0.001 0.001 0.019 0.001 0.97 0.001 0.001 0.001 0.001 0.001 0.001 0.001 0.001
"54" 0 0 0 0 0 0 0 0 0 0 0 0 0 0 1 0 0 0 0 0
"55" 0.001 0.001 0.001 0.001 0.001 0.001 0.001 0.001 0.97 0.001 0.019 0.001 0.001 0.001 0.001 0.001 0.001 0.001 0.001 0.001
"56" 0 0 0 0 0 0 0 0 0 0 0 0.001 0 0 0 0.998 0 0 0 0
"57" 1 0 0 0 0 0 0 0 0 0 0 0 0 0 0 0 0 0 0 0
"58" 0 0 0.984 0 0 0 0 0 0 0 0 0 0 0 0 0 0 0 0.008 0
"59" 0.001 0.001 0.001 0.026 0.001 0.001 0.962 0.001 0.001 0.001 0.001 0.001 0.001 0.001 0.001 0.001 0.001 0.001 0.001 0.001
"60" 0.01 0.01 0.01 0.01 0.01 0.352 0.01 0.01 0.01 0.01 0.294 0.01 0.01 0.01 0.01 0.01 0.01 0.01 0.01 0.192
"61" 0 0 0 0 1 0 0 0 0 0 0 0 0 0 0 0 0 0 0 0
"62" 0 0 0 0 0 0 0 0 0 0 0 0 0 0 0 0 1 0 0 0
"63" 0.73 0.005 0.005 0.005 0.005 0.005 0.005 0.005 0.005 0.005 0.005 0.005 0.005 0.005 0.005 0.148 0.034 0.005 0.005 0.005
"64" 0.01 0.01 0.01 0.01 0.01 0.01 0.01 0.01 0.294 0.01 0.01 0.01 0.01 0.352 0.01 0.01 0.01 0.01 0.192 0.01
"65" 0.003 0.003 0.003 0.003 0.003 0.003 0.003 0.003 0.003 0.003 0.051 0.003 0.022 0.003 0.003 0.003 0.003 0.003 0.003 0.87
"66" 0.011 0.002 0.002 0.002 0.002 0.002 0.002 0.002 0.002 0.002 0.002 0.002 0.002 0.002 0.002 0.012 0.947 0.002 0.002 0.002
"67" 0.001 0.001 0.001 0.001 0.001 0.019 0.001 0.001 0.001 0.001 0.001 0.97 0.001 0.001 0.001 0.001 0.001 0.001 0.001 0.001
"68" 0 0 0 1 0 0 0 0 0 0 0 0 0 0 0 0 0 0 0 0
"69" 0 0 0 0 0 0 0 0 0 0 0 0 0 0 0 1 0 0 0 0
"70" 0 0 0 0 1 0 0 0 0 0 0 0 0 0 0 0 0 0 0 0
"71" 0.001 0.001 0.001 0.001 0.001 0.026 0.001 0.001 0.001 0.001 0.962 0.001 0.001 0.001 0.001 0.001 0.001 0.001 0.001 0.001
"72" 0 0 0 0 0 0 0 0 0 1 0 0 0 0 0 0 0 0 0 0
"73" 0 1 0 0 0 0 0 0 0 0 0 0 0 0 0 0 0 0 0 0
"74" 0.008 0 0 0 0 0 0 0.984 0 0 0 0 0 0 0 0 0 0 0 0
"75" 0.002 0.002 0.002 0.002 0.002 0.002 0.002 0.002 0.002 0.002 0.002 0.002 0.002 0.947 0.002 0.012 0.002 0.002 0.011 0.002
"76" 0.002 0.002 0.002 0.002 0.002 0.011 0.012 0.002 0.947 0.002 0.002 0.002 0.002 0.002 0.002 0.002 0.002 0.002 0.002 0.002
"77" 0 0 0 0 0 0 0 0 0 0 1 0 0 0 0 0 0 0 0 0
"78" 0 1 0 0 0 0 0 0 0 0 0 0 0 0 0 0 0 0 0 0
"79" 0 0 0 0 0 1 0 0 0 0 0 0 0 0 0 0 0 0 0 0
"80" 0 0 0 0 0 0 0 0 0 1 0 0 0 0 0 0 0 0 0 0
"81" 1 0 0 0 0 0 0 0 0 0 0 0 0 0 0 0 0 0 0 0
"82" 0 0 0 0 0 0 0 0 0 0 0 0 0 0 1 0 0 0 0 0
"83" 0 0 0 0 0 0 0 1 0 0 0 0 0 0 0 0 0 0 0 0
"84" 0.011 0.002 0.002 0.002 0.002 0.947 0.002 0.002 0.002 0.002 0.002 0.002 0.002 0.002 0.002 0.002 0.012 0.002 0.002 0.002
"85" 0 0 0.008 0 0 0 0 0 0 0 0 0 0 0 0 0.984 0 0 0 0
"86" 0 0 0 0 0 0 0 1 0 0 0 0 0 0 0 0 0 0 0 0
"87" 0.01 0.01 0.192 0.01 0.01 0.01 0.01 0.01 0.01 0.01 0.01 0.352 0.01 0.01 0.01 0.294 0.01 0.01 0.01 0.01
"88" 0 0 0 0 0 0 0 0 0 1 0 0 0 0 0 0 0 0 0 0
"89" 1 0 0 0 0 0 0 0 0 0 0 0 0 0 0 0 0 0 0 0
"90" 0 0 0.998 0 0 0 0 0 0 0.001 0 0 0 0 0 0 0 0 0 0
"91" 0 0 0 0 0 0 0 0 0 0 0 0 0 1 0 0 0 0 0 0
"92" 0 0 1 0 0 0 0 0 0 0 0 0 0 0 0 0 0 0 0 0
"93" 0 0 0 0 0 0 0 0 0 0 0 0 0 0 0 0 0 0 1 0
"94" 0 0 0 0 0 0 0 0 0 0 0 1 0 0 0 0 0 0 0 0
"95" 0.014 0.014 0.097 0.014 0.014 0.014 0.014 0.014 0.014 0.014 0.39 0.089 0.014 0.014 0.014 0.014 0.014 0.014 0.014 0.205
"96" 0 0 0 0 0 0 0 0 0 0 0 0 0 0 1 0 0 0 0 0
"97" 0 0 0 0 0 0 1 0 0 0 0 0 0 0 0 0 0 0 0 0
"98" 0.014 0.39 0.014 0.014 0.014 0.014 0.014 0.014 0.014 0.014 0.014 0.014 0.014 0.014 0.014 0.089 0.205 0.097 0.014 0.014
"99" 0 0 0 0 0 0 0 0 0 0 0 0 0 1 0 0 0 0 0 0
"100" 0.005 0.005 0.005 0.005 0.005 0.005 0.005 0.005 0.005 0.73 0.148 0.005 0.005 0.005 0.005 0.005 0.034 0.005 0.005 0.005
"101" 0 0 0 0 0 0 0 1 0 0 0 0 0 0 0 0 0 0 0 0
"102" 0 0 0 0 0 0 0 0 0 0 0 0 0 0 0 1 0 0 0 0
"103" 0.002 0.002 0.002 0.002 0.002 0.002 0.002 0.011 0.002 0.002 0.002 0.002 0.002 0.002 0.002 0.012 0.002 0.002 0.002 0.947
"104" 0 0 0 0 0 0 0 0 0 1 0 0 0 0 0 0 0 0 0 0
"105" 0.998 0 0 0 0 0 0 0 0 0 0 0 0 0 0 0 0.001 0 0 0
"106" 0.005 0.005 0.005 0.005 0.005 0.005 0.005 0.005 0.005 0.005 0.005 0.156 0.713 0.005 0.005 0.005 0.005 0.005 0.005 0.039
"107" 0 0 1 0 0 0 0 0 0 0 0 0 0 0 0 0 0 0 0 0
"108" 0 0 0 0 0 0 0 0 0 0 0 0 0 0 0 1 0 0 0 0
"109" 0 0 1 0 0 0 0 0 0 0 0 0 0 0 0 0 0 0 0 0
"110" 0.014 0.089 0.097 0.014 0.014 0.014 0.014 0.014 0.205 0.014 0.014 0.014 0.014 0.014 0.014 0.39 0.014 0.014 0.014 0.014
"111" 0 0 0 0 0 0 0 0 0 0 1 0 0 0 0 0 0 0 0 0
"112" 0 0 0 0.998 0 0 0 0.001 0 0 0 0 0 0 0 0 0 0 0 0
"113" 0 0 0 0 0 0 0 0 0 0 0 0 0 0 0 1 0 0 0 0
"114" 0.005 0.005 0.005 0.005 0.005 0.005 0.005 0.005 0.005 0.005 0.005 0.73 0.005 0.034 0.005 0.005 0.148 0.005 0.005 0.005
"115" 0 0 0 0 0 0 0 0 0 0.001 0 0 0 0 0 0 0 0 0 0.998
"116" 0 0 0 0 0 0 0 0 0 0 0 0 0 0 0 0 0 0 1 0
"117" 0.054 0.025 0.004 0.004 0.004 0.004 0.004 0.004 0.004 0.004 0.004 0.004 0.004 0.004 0.004 0.86 0.004 0.004 0.004 0.004
"118" 0.002 0.002 0.002 0.002 0.002 0.012 0.002 0.002 0.011 0.002 0.002 0.002 0.002 0.002 0.002 0.002 0.002 0.002 0.947 0.002
"119" 0 1 0 0 0 0 0 0 0 0 0 0 0 0 0 0 0 0 0 0
"120" 0 0 0 0 0 0 1 0 0 0 0 0 0 0 0 0 0 0 0 0
"121" 0.01 0.01 0.192 0.01 0.01 0.01 0.352 0.01 0.01 0.01 0.01 0.01 0.01 0.294 0.01 0.01 0.01 0.01 0.01 0.01
"122" 0.002 0.002 0.002 0.002 0.002 0.002 0.002 0.002 0.002 0.002 0.002 0.002 0.002 0.002 0.012 0.002 0.947 0.002 0.002 0.011
"123" 0.998 0 0 0 0 0 0 0 0 0 0 0 0 0 0 0 0.001 0 0 0
"124" 0.014 0.014 0.097 0.014 0.014 0.014 0.014 0.089 0.014 0.014 0.014 0.014 0.014 0.014 0.014 0.014 0.205 0.014 0.014 0.39
"125" 0 0.998 0 0 0 0 0 0 0.001 0 0 0 0 0 0 0 0 0 0 0
"126" 0 0 0 0 0 0 0 0 0 0 1 0 0 0 0 0 0 0 0 0
"127" 0 1 0 0 0 0 0 0 0 0 0 0 0 0 0 0 0 0 0 0
"128" 0 0 0 0 0 0 0 0 0 0 0 0 0 0 1 0 0 0 0 0
"129" 0.01 0.01 0.01 0.01 0.294 0.01 0.01 0.01 0.01 0.01 0.01 0.01 0.01 0.01 0.01 0.192 0.01 0.01 0.352 0.01
"130" 0 0 0 0 0 0 1 0 0 0 0 0 0 0 0 0 0 0 0 0
"131" 0 1 0 0 0 0 0 0 0 0 0 0 0 0 0 0 0 0 0 0
"132" 0 0 0 1 0 0 0 0 0 0 0 0 0 0 0 0 0 0 0 0
"133" 0 0 0 0 0 0 0 0 0 0 0 0 0 0 0 1 0 0 0 0
"134" 0 0 0 0 0 0 0 0 0 0 0 0 0 0 0 1 0 0 0 0
"135" 0 0 0 0 0 0 0.984 0 0 0 0 0 0 0 0 0.008 0 0 0 0
"136" 0 0 0 0 0 0 0 0 0 0 0 1 0 0 0 0 0 0 0 0
"137" 0.003 0.003 0.003 0.003 0.003 0.003 0.003 0.87 0.051 0.003 0.003 0.003 0.003 0.003 0.003 0.022 0.003 0.003 0.003 0.003
"138" 0.001 0.001 0.001 0.019 0.001 0.001 0.001 0.97 0.001 0.001 0.001 0.001 0.001 0.001 0.001 0.001 0.001 0.001 0.001 0.001
"139" 0.01 0.01 0.352 0.01 0.294 0.01 0.01 0.01 0.01 0.01 0.01 0.192 0.01 0.01 0.01 0.01 0.01 0.01 0.01 0.01
"140" 0 0 0 0 0 0 0 0 0.001 0 0 0 0 0 0 0 0 0 0.998 0
"141" 0 0 0 0 0 0 0 0 0 0 0 1 0 0 0 0 0 0 0 0
"142" 0 0 0 0 0 0 0 0 0 0 0 0 0 0 0.984 0 0.008 0 0 0
"143" 0.001 0.001 0.001 0.001 0.001 0.001 0.001 0.001 0.001 0.019 0.97 0.001 0.001 0.001 0.001 0.001 0.001 0.001 0.001 0.001
"144" 0 0 0 0 0 0 0 1 0 0 0 0 0 0 0 0 0 0 0 0
"145" 0 0 0 0 0 0 0 0 0 0 0 0 0 0 0 1 0 0 0 0
"146" 0 0 0 0 0 0 0 0 0 0 0 0 0 0 0 0 0 0 1 0
"147" 0 0 0 0 0 0 0 1 0 0 0 0 0 0 0 0 0 0 0 0
"148" 0 0 0.008 0 0 0 0 0 0 0 0 0 0 0.984 0 0 0 0 0 0
"149" 0 0 0 0 0 0 0 0 1 0 0 0 0 0 0 0 0 0 0 0
"150" 0 0 0 0 0 0 0 0 0 0 0 0 0 1 0 0 0 0 0 0
"151" 0 0 0 0 0 0 0 0 0 0 0 0 0 0 0 0 1 0 0 0
"152" 0 0 0 0 0 0 0 0 0 0 0 0 0 0 0 0 0 1 0 0
"153" 0.003 0.003 0.003 0.003 0.003 0.003 0.003 0.003 0.003 0.003 0.87 0.022 0.003 0.003 0.003 0.003 0.003 0.003 0.003 0.051
"154" 0.001 0.001 0.001 0.001 0.001 0.001 0.001 0.001 0.001 0.962 0.026 0.001 0.001 0.001 0.001 0.001 0.001 0.001 0.001 0.001
"155" 0 0 0 0 0 0 0 1 0 0 0 0 0 0 0 0 0 0 0 0
"156" 0 0 0 0 0 0 0 0 0 0 0 0 0 0 0 0 0 0 1 0
"157" 0 0 0 0 0 1 0 0 0 0 0 0 0 0 0 0 0 0 0 0
"158" 0 0 0 0 0 0 0 0 0 0 0 0 0 0 1 0 0 0 0 0
"159" 0 0 0 0 0 0 0 0 0 0 0 0 0 1 0 0 0 0 0 0
"160" 0.39 0.089 0.014 0.014 0.014 0.014 0.014 0.014 0.014 0.014 0.014 0.014 0.097 0.014 0.014 0.014 0.205 0.014 0.014 0.014
"161" 0.014 0.014 0.014 0.014 0.014 0.205 0.014 0.014 0.014 0.014 0.014 0.014 0.014 0.089 0.014 0.39 0.097 0.014 0.014 0.014
"162" 0 0 0 0 0 0 0 0 0 0 0 0 0 0 0 0 0 0 0 1
"163" 0 0 0 0 0 0 0 0 0 0 0 0 0 0 0 0 0 0 0 1
"164" 0 0 0 0 0 0 0 0 0 0 1 0 0 0 0 0 0 0 0 0
"165" 0 0 0 0 0 0 0 0 0 0 0 0 0 0 0 1 0 0 0 0
"166" 0 0 0 0 0 0 0 0 0 0 0 0 0 1 0 0 0 0 0 0
"167" 0.004 0.004 0.004 0.86 0.004 0.004 0.054 0.004 0.004 0.004 0.004 0.004 0.004 0.004 0.025 0.004 0.004 0.004 0.004 0.004
"168" 0 0 0 0 0 0 0 0 0 0 0 0 0 0 0 0.001 0.998 0 0 0
"169" 0 0 0 0 1 0 0 0 0 0 0 0 0 0 0 0 0 0 0 0
"170" 1 0 0 0 0 0 0 0 0 0 0 0 0 0 0 0 0 0 0 0
"171" 0.002 0.011 0.002 0.002 0.002 0.947 0.002 0.002 0.002 0.002 0.002 0.002 0.002 0.002 0.002 0.012 0.002 0.002 0.002 0.002
"172" 0.003 0.003 0.003 0.003 0.003 0.003 0.003 0.003 0.003 0.003 0.003 0.003 0.003 0.003 0.601 0.003 0.353 0.003 0.003 0.003
"173" 0.014 0.014 0.089 0.014 0.014 0.014 0.097 0.014 0.014 0.39 0.014 0.205 0.014 0.014 0.014 0.014 0.014 0.014 0.014 0.014
"174" 0 0 0 0 1 0 0 0 0 0 0 0 0 0 0 0 0 0 0 0
"175" 0 0 0 0 0 0 0 0 0 0 0.008 0 0 0 0 0 0 0 0 0.984
"176" 0 0 0 0 1 0 0 0 0 0 0 0 0 0 0 0 0 0 0 0
"177" 0.001 0.001 0.001 0.001 0.001 0.001 0.001 0.97 0.001 0.001 0.001 0.001 0.001 0.001 0.019 0.001 0.001 0.001 0.001 0.001
"178" 0.352 0.01 0.01 0.01 0.01 0.01 0.01 0.01 0.01 0.01 0.294 0.01 0.01 0.01 0.01 0.192 0.01 0.01 0.01 0.01
"179" 0.005 0.005 0.005 0.148 0.005 0.005 0.005 0.005 0.005 0.005 0.005 0.005 0.005 0.005 0.005 0.005 0.034 0.005 0.005 0.73
"180" 0 0 0 1 0 0 0 0 0 0 0 0 0 0 0 0 0 0 0 0
"181" 0.947 0.002 0.002 0.002 0.002 0.002 0.012 0.002 0.002 0.011 0.002 0.002 0.002 0.002 0.002 0.002 0.002 0.002 0.002 0.002
"182" 0 0 0 0 0 0 0 0 0 0.001 0 0 0 0 0 0 0 0 0 0.998
